1312 32 0 64 0 0 0 0 0 0 0 0 0 0 0 0
128 64 0 -32 32 0 0 0 0 0 0 -32 0 0 0 0
-192 0 32 -32 0 0 0 0 0 0 0 0 0 0 0 0
96 0 32 0 0 0 0 0 0 0 0 0 0 0 0 0
-96 32 -32 0 0 0 0 0 0 0 0 0 0 0 0 0
96 0 0 0 0 0 0 0 0 0 0 0 0 0 0 0
-96 0 0 0 0 0 0 0 0 0 0 0 0 0 0 0
96 0 0 0 0 0 0 0 0 0 0 0 0 0 0 0
-64 0 0 0 0 0 0 0 0 0 0 0 0 0 0 0
64 0 0 0 0 0 0 0 0 0 0 0 0 0 0 0
-64 0 0 0 0 0 0 0 0 0 0 0 0 0 0 0
32 0 0 0 0 0 0 0 0 0 0 0 0 32 0 0
-32 0 0 0 0 0 0 0 0 32 0 0 -32 32 0 0
32 0 0 0 0 0 0 0 0 0 0 0 0 0 0 0
0 0 0 0 0 0 0 0 0 0 0 0 0 0 0 0
0 0 0 0 0 0 0 0 0 0 0 0 0 0 0 0
