3264 0 0 128 -64 -64 128 0 -64 0 -64 -64 -128 0 0 0 -64 -64 0 0 0 -64 0 0 -64 0 0 0 0 0 0 0
448 -128 128 128 0 64 -128 -128 -128 64 -64 64 0 64 64 0 0 -64 0 0 0 0 0 -64 0 0 0 0 0 0 0 0
192 0 -64 -64 0 0 0 -64 -64 0 -64 0 64 0 64 0 64 0 0 0 64 0 0 0 -64 64 0 0 0 0 0 0
-64 0 0 -128 -64 0 -64 0 64 0 -64 0 -64 -64 128 64 0 0 0 0 0 0 0 0 -64 64 0 -64 0 0 0 0
-256 -64 -64 0 0 0 64 0 0 64 64 0 -64 64 0 0 0 0 0 64 0 0 0 0 -64 0 0 0 0 0 0 0
-64 0 -64 128 -64 -64 -64 0 64 64 64 0 -64 0 0 64 0 -64 0 0 64 0 0 0 64 0 0 0 64 0 0 0
-64 64 0 0 64 0 0 0 -64 64 64 64 64 -64 0 -64 0 0 64 -64 0 0 0 0 0 0 0 0 0 0 0 0
64 -64 -192 64 -64 -192 0 -64 -64 128 64 64 64 -64 -64 64 64 0 0 -64 0 -64 0 -64 0 0 0 64 0 0 0 0
-64 64 64 64 0 -64 0 -64 -64 -64 -64 0 0 0 0 0 64 0 0 0 0 0 64 0 0 0 0 0 0 0 0 0
128 0 -64 64 64 0 64 128 -128 0 0 0 0 0 0 -64 128 0 0 -64 0 0 0 0 0 0 0 0 0 -64 0 0
128 0 -128 64 64 128 64 0 0 -64 -64 0 64 0 0 -64 0 64 0 0 0 -64 0 0 0 0 0 0 0 0 0 0
-128 0 0 0 -64 0 64 -128 0 0 -64 0 128 64 0 -64 -64 64 0 64 0 0 0 0 -64 0 0 0 0 64 0 0
0 0 128 0 -64 -128 0 64 64 0 0 -64 0 64 0 -64 0 0 0 0 -64 0 -64 0 -64 -64 0 0 0 0 0 0
0 64 -64 0 64 0 -64 64 0 64 0 -64 -64 0 0 0 -64 64 0 0 -64 0 0 0 -64 0 0 -64 0 0 0 0
0 0 -64 0 64 0 0 0 -64 0 64 0 0 64 0 0 -64 64 0 64 64 -64 0 0 0 0 0 0 0 0 0 0
0 0 64 0 0 64 -64 64 64 0 0 64 0 0 0 0 0 0 0 0 64 0 0 0 0 0 0 0 0 0 64 0
64 64 0 0 0 64 -64 0 -64 -64 0 0 0 -64 0 64 -64 64 0 0 64 0 0 0 0 0 -64 0 0 0 0 0
0 64 0 -64 0 0 64 -64 0 0 0 0 0 0 -64 0 0 0 0 0 0 0 0 0 0 0 0 0 0 0 0 0
-64 0 0 64 64 0 -64 0 0 64 0 64 0 0 0 0 0 0 64 0 0 0 0 0 0 0 0 0 0 0 0 0
64 0 0 -64 0 64 0 64 0 -64 64 0 0 0 0 0 64 0 64 0 0 0 0 0 0 0 0 0 0 0 0 0
0 0 -64 0 0 -64 0 0 64 64 0 0 0 0 0 0 -64 0 0 64 0 0 0 0 0 0 64 0 0 0 0 0
0 0 0 0 0 0 0 0 0 0 0 0 0 0 0 0 0 0 0 0 0 0 0 0 0 0 0 0 0 0 0 0
0 64 0 0 -64 0 -64 0 0 -64 0 0 0 0 0 0 0 0 0 0 -64 0 0 0 0 0 0 0 0 0 0 0
-64 0 0 64 0 0 -64 -64 0 0 0 64 0 0 0 -64 0 0 0 0 -64 0 0 0 0 0 0 0 0 0 0 0
64 0 -64 -64 0 0 0 0 -64 0 0 -64 0 0 0 0 0 0 0 0 0 0 0 0 0 0 64 0 0 0 0 0
0 0 64 0 0 0 -64 64 64 0 0 0 0 0 0 0 0 0 0 0 0 0 0 0 0 0 0 0 0 0 0 0
0 0 0 0 0 64 -64 -64 0 -64 0 0 0 0 0 0 0 0 0 0 0 0 0 -64 0 0 0 0 0 0 0 0
0 -64 64 0 0 0 64 0 64 64 0 0 0 0 0 0 0 0 64 0 0 0 64 0 0 0 0 0 0 0 0 0
0 0 0 0 64 0 0 0 0 0 0 0 0 0 0 0 0 0 0 0 0 0 0 0 0 0 0 0 0 0 0 0
0 0 0 0 0 0 0 0 0 0 0 0 64 0 0 0 0 0 0 0 0 0 0 0 0 0 0 0 0 0 0 0
0 0 0 0 -64 0 0 0 0 0 0 0 0 0 0 0 0 0 0 0 0 0 0 0 0 0 0 0 0 0 0 0
0 0 0 0 0 0 0 0 0 0 0 64 0 0 0 0 0 0 0 0 0 0 0 0 0 0 0 0 0 0 0 0
