1280 0 0 0 0 0 0 0 0 0 0 0 0 0 0 0
128 0 0 0 0 0 0 0 0 0 0 0 0 0 0 0
-128 0 0 0 0 0 0 0 0 0 0 0 0 0 0 0
128 0 0 0 0 0 0 0 0 0 0 0 0 0 0 0
-128 0 0 0 0 0 0 0 0 0 0 0 0 0 0 0
128 0 0 0 0 0 0 0 0 0 0 0 0 0 0 0
-128 0 0 0 0 0 0 0 0 0 0 0 0 0 0 0
128 0 0 0 0 0 0 0 0 0 0 0 0 0 0 0
-128 0 0 0 0 0 0 0 0 0 0 0 0 0 0 0
0 0 0 0 0 0 0 0 0 0 0 0 0 0 0 0
0 0 0 0 0 0 0 0 0 0 0 0 0 0 0 0
0 0 0 0 0 0 0 0 0 0 0 0 0 0 0 0
0 0 0 0 0 0 0 0 0 0 0 0 0 0 0 0
0 0 0 0 0 0 0 0 0 0 0 0 0 0 0 0
0 0 0 0 0 0 0 0 0 0 0 0 0 0 0 0
0 0 0 0 0 0 0 0 0 0 0 0 0 0 0 0
