7042 -59 -211 -108 -111 19 52 -55 -3 17 90 99 33 5 -98 -30 -35 21 16 -13 -32 9 33 -12 -30 -31 9 16 14 8 6 -4 8 15 -8 -6 -19 -1 -8 2 -28 -8 21 0 14 4 10 -2 -1 0 -1 2 15 3 0 -5 1 -3 -3 -5 -3 -3 8 1
829 -307 86 150 80 -18 -81 -76 13 36 45 -94 -72 4 50 15 10 25 31 35 -12 6 14 -5 -10 6 3 3 3 0 -2 -16 -13 3 10 -6 4 -10 -3 -10 3 -30 -2 1 -12 -7 2 -3 -1 5 -5 1 -5 7 -2 2 -6 0 -2 -1 -3 -3 8 3
-249 70 74 8 24 87 87 11 -13 -80 -42 -6 -15 83 58 -34 -39 -46 -61 -35 5 -13 -35 8 21 25 23 3 -18 -21 -11 7 1 -10 10 3 15 8 14 -14 19 0 -22 -8 -6 0 -4 1 -4 1 -3 -7 7 3 3 4 4 0 -3 -4 -3 8 5 5
174 43 -53 -25 -92 -53 116 13 52 44 28 -1 -27 11 39 -9 35 57 24 7 -25 -8 12 23 -8 -49 -45 3 19 21 6 -20 -4 1 -2 -15 -12 -22 -8 -5 -4 15 6 10 15 7 -6 -6 -10 -9 1 2 -1 3 -1 -4 -4 6 5 4 3 4 -7 -7
-55 -95 77 -29 145 -69 -85 34 51 31 -106 48 -43 -68 19 55 13 12 -40 10 29 27 -3 -9 28 35 -7 18 0 -7 3 -2 0 9 9 12 16 12 -1 -18 -5 -4 -8 -7 -8 9 -8 5 -5 0 -5 5 4 2 1 1 -6 -2 -4 6 -8 -1 -3 1
159 20 -19 -4 -5 -17 -1 70 -24 21 -31 -24 43 5 -50 -66 -26 0 -1 -26 -16 -18 -40 -30 -15 14 -3 -7 -19 -6 12 11 2 -2 3 2 17 -5 -2 -1 -3 0 0 2 8 -7 0 1 8 5 -4 1 -3 1 5 4 -5 0 0 -2 1 0 2 0
-186 47 -9 -34 -41 61 50 -67 26 0 45 -9 -3 -3 29 26 21 1 -17 5 -2 20 27 -22 -34 -12 14 8 9 -4 -9 -13 -4 1 -3 -15 -13 -21 0 1 13 1 0 4 -25 -4 -9 2 -2 6 -6 -6 -6 -1 -6 0 -3 2 3 -1 0 11 -1 0
192 -22 65 40 -37 -31 -29 23 -25 28 -14 67 -1 -38 38 -18 11 18 -34 -25 28 -13 21 8 -12 -6 -7 -9 14 -5 0 -1 -4 -7 -5 4 4 2 -3 0 3 3 1 -26 9 -4 -5 5 0 2 -3 -3 3 -2 3 -5 -4 -9 -5 -3 -1 -4 -3 2
-160 23 -14 59 24 -22 -17 79 -2 61 -13 -96 23 -35 14 6 -17 -5 62 35 28 -24 -13 5 -3 -12 -5 -4 3 14 20 9 2 -16 -22 -3 -2 -3 -8 -10 5 6 -2 6 -3 -8 10 5 8 4 1 0 0 -3 -7 0 -2 1 3 4 1 0 -4 5
120 39 -17 -31 2 51 -49 -19 18 -2 9 54 26 -13 19 1 30 -30 -17 -15 -17 -1 4 13 1 -20 3 15 13 -11 -26 -20 4 10 12 9 -4 12 2 5 4 -6 -14 -4 -1 1 -8 -2 -7 -3 -3 -3 3 -8 -3 -1 1 0 0 -6 -1 3 0 -5
-108 1 -2 33 -6 -18 20 8 18 26 -5 -11 -7 -10 2 -12 2 38 38 -13 -10 5 20 18 -3 -16 -8 -12 -14 6 2 15 5 1 -10 3 6 -8 -4 -1 -8 -2 -5 3 5 -6 6 -1 0 -7 -3 -6 2 1 -2 0 -4 -6 -1 -3 -2 -6 -2 1
135 29 7 -49 7 12 26 2 -3 -30 -10 -11 16 37 -2 39 3 -15 13 9 -12 12 8 -1 13 15 3 10 -14 -11 20 4 13 5 -2 0 6 18 7 5 3 3 0 12 -14 -15 -4 -5 -3 4 -4 0 -1 1 3 -1 -3 5 8 2 -2 5 -1 0
-137 6 -16 11 27 -24 20 19 14 -36 -29 2 -2 1 14 -3 25 21 10 -12 -15 -5 9 13 -5 10 10 -8 2 1 -13 -1 -8 3 18 7 -7 -6 0 5 -4 -2 -11 12 14 -4 -2 5 -3 0 7 -2 -2 3 1 -2 0 5 1 1 0 -1 0 -3
116 22 -15 23 2 -17 9 -23 9 5 -11 27 6 -2 -16 -5 2 14 17 6 -9 6 -4 -12 2 0 4 -3 9 16 8 -1 9 -6 -3 -4 0 -3 4 4 7 -6 2 11 10 5 -4 6 5 -1 -1 -2 -2 -1 1 -4 5 2 1 -4 -2 2 4 0
-119 -5 34 -6 -30 8 -30 6 -18 3 -5 5 -2 -12 -13 -9 11 11 23 24 1 -1 10 -14 -6 -2 -5 -4 11 11 5 -12 -2 7 14 -8 5 4 2 2 6 -3 10 -8 -1 -5 3 8 2 1 3 9 -2 -4 -8 3 0 0 2 -1 4 0 -3 0
127 -7 -25 1 20 -17 23 -29 10 -3 -23 -10 6 -11 -13 -8 -11 -7 -8 -8 12 -1 15 1 -1 -3 -1 -18 -1 2 6 1 2 -1 1 -6 -9 -9 5 7 -4 3 -10 2 7 4 -3 5 2 0 1 -5 1 -1 4 4 -3 0 2 2 2 -1 -3 2
-115 -13 8 13 -2 2 -20 -7 -27 -22 -6 -15 -2 4 6 -3 -19 -9 15 12 11 6 6 15 0 7 -1 2 -10 -3 9 4 2 8 6 0 -2 2 3 4 4 -7 -3 -5 0 -5 -5 -2 3 0 -1 4 4 -3 2 4 -1 -6 -5 -4 -5 1 -3 -1
111 29 -13 -11 12 25 9 -4 4 -29 -16 -15 -18 0 6 12 1 2 -13 -1 2 -14 -10 2 5 2 5 4 6 -1 -1 6 5 3 1 1 0 0 -2 -7 0 -1 2 2 4 -4 1 2 5 1 -3 2 2 -4 -1 6 -3 -3 0 2 1 7 -4 4
-113 0 5 21 -12 -20 4 7 7 8 3 1 -9 -10 4 2 -6 -8 -22 -14 7 -4 2 2 12 11 0 -2 3 9 2 -6 13 7 6 -6 -1 1 -5 3 0 0 -1 1 -1 4 -5 -1 -5 -3 2 2 1 -1 2 -1 2 -2 6 -4 0 -2 0 -1
105 -5 -10 -23 10 9 -4 -4 14 -10 1 7 3 -7 -6 8 -5 -11 7 -1 5 -4 -3 -5 5 4 3 4 -2 -4 3 3 1 5 3 7 8 1 13 -2 2 3 -2 5 0 3 5 6 -3 -2 1 -2 -7 -9 7 -4 3 -3 -1 -5 0 -5 -2 -1
-94 2 0 7 4 -4 -11 -19 5 -1 13 11 4 -11 -5 0 10 8 -2 -23 -25 -1 -5 -9 -14 -14 6 11 13 0 2 -9 -7 -4 3 4 -4 4 2 7 -3 -7 -5 -5 4 1 -2 -4 -5 1 -2 -2 -3 2 4 -4 -2 0 -2 -5 5 3 -1 1
95 0 -4 -7 8 11 0 -2 7 16 4 -5 25 2 -3 1 0 -8 -10 7 9 2 4 0 -14 7 3 -9 -9 7 -8 -2 -9 7 -4 2 6 -7 0 2 -4 2 0 0 -7 -1 1 -2 2 6 5 2 -2 1 4 -2 6 -1 -2 -2 -5 5 3 -2
-103 -29 1 -12 -7 -13 0 -11 -8 11 9 -11 3 12 -12 -3 -4 5 9 8 1 -3 -16 14 8 -2 -2 -2 -1 0 1 -9 -7 2 1 -2 4 -6 -4 1 5 2 -2 2 -2 1 -10 0 -2 2 0 0 6 -5 -1 -1 -1 5 3 -4 -3 -1 1 6
93 6 12 -8 9 -4 0 -1 -12 -1 -3 2 9 8 -1 8 -3 -4 2 -2 2 1 5 -11 -7 -1 6 -4 -3 5 0 6 -4 0 4 0 0 4 -6 3 2 1 -5 2 2 2 5 -7 -8 -4 4 -2 -1 3 -2 0 1 -9 2 5 -2 2 -2 5
-105 -16 -5 16 -15 -2 -5 -6 -10 -4 6 -6 12 3 -5 -6 6 -6 3 -1 -5 -10 -13 4 7 -6 -3 -9 1 -3 -10 -1 0 10 0 -7 5 -4 -6 1 -7 4 3 3 5 1 6 -6 6 1 -5 -3 1 0 -4 -2 5 -2 0 6 -1 -1 -1 0
104 -7 -2 -10 -7 11 -2 3 -9 -6 -2 11 6 -2 -12 2 -6 -3 2 -1 8 6 11 3 0 13 -4 -7 -10 1 -10 -6 0 0 10 0 3 9 -3 -4 -1 2 1 0 4 2 -5 2 0 2 3 0 1 7 0 1 1 -6 -2 0 -1 -4 0 2
-78 -5 8 1 7 -7 -1 -6 -12 0 -18 -12 -8 -1 -7 4 4 -7 2 -3 -4 -10 -9 5 -5 -2 2 -2 6 0 -4 -4 1 -5 8 7 6 0 -1 8 -2 -1 -4 -2 1 1 8 0 0 4 0 1 -1 -4 4 0 -2 1 3 -2 -5 -2 0 2
90 12 -5 8 7 9 12 2 6 -10 -3 -6 2 -16 -9 -4 -7 4 -1 0 0 -7 -7 -6 -5 -4 8 14 -5 3 -3 -4 -3 1 1 -7 -2 3 -3 -2 2 -1 2 -5 -2 4 -5 5 -3 1 -4 -1 4 1 1 1 3 0 -1 -1 -1 -3 -1 4
-101 -4 12 17 6 -4 7 -4 0 1 9 -1 3 1 4 -7 4 -5 2 2 7 1 4 -11 -4 -1 -12 -5 6 4 2 4 -6 -4 1 -3 1 2 2 -1 -1 2 -4 -7 4 -6 -4 3 5 -4 -2 1 -2 -1 -3 -3 0 -4 2 0 0 -1 -1 0
103 2 -6 -2 14 4 1 5 -11 5 -5 2 -4 -1 -4 -3 0 -4 10 2 8 8 -3 0 -14 -4 -4 -5 -7 -10 -2 5 -2 7 0 2 5 -4 2 -3 3 2 2 2 1 5 2 3 -7 -1 3 2 -1 6 1 -4 5 1 1 -3 -2 -3 -7 0
-84 2 -7 8 -5 -7 6 -13 5 1 2 -4 -5 6 -5 -10 -6 0 -5 -7 1 -5 7 -2 -9 -3 -3 5 0 1 -7 -3 -4 -1 -4 1 -4 2 3 -1 -2 -1 -8 1 8 1 0 0 0 -3 -1 2 -2 1 2 -3 -4 -2 0 0 -3 4 0 -4
77 25 4 4 4 8 -13 3 2 1 1 3 8 -5 3 2 1 -4 2 1 11 11 -5 -4 4 -1 -1 9 0 -13 -2 -4 -7 -5 -6 -4 -2 7 -3 1 9 -6 -3 5 1 3 4 0 0 1 -1 5 -4 2 -1 -1 -2 -1 -2 4 -1 -1 0 2
-82 4 -15 8 6 2 -2 -6 -2 2 6 -6 7 -1 2 -4 -4 -9 -1 1 -13 8 6 8 -4 3 -10 -4 2 -4 4 1 -6 -3 5 -5 -1 -1 -4 -9 -6 7 2 8 5 7 -3 6 0 3 -4 -1 1 -4 4 0 5 0 1 1 1 3 -3 4
84 6 -7 0 -3 2 10 3 1 2 -5 -7 -7 3 3 7 -5 10 3 -3 7 -1 9 12 3 0 9 2 -5 -6 7 3 -13 -8 1 -1 -2 -2 2 2 0 0 -5 -7 2 -1 -3 6 1 -2 -5 3 4 2 -3 0 -4 1 1 2 -6 -1 -1 0
-77 -9 14 4 8 9 -4 3 1 17 -2 0 3 -1 2 -4 2 3 -11 -3 -14 1 -7 1 0 -1 -3 7 2 -1 0 -1 -3 -4 -2 -3 -6 2 -5 -1 0 -10 -6 4 0 3 2 -1 3 2 6 -1 -2 -3 1 9 0 5 1 -1 6 -2 -4 2
71 14 -13 -3 -5 1 -2 10 17 -2 16 7 4 1 9 6 -3 1 -2 0 -4 9 4 12 -4 -2 0 0 -7 4 -2 10 2 -12 -2 -2 2 2 8 -2 -4 -1 1 -6 1 2 2 2 -9 3 -5 -3 -4 4 -6 -2 7 1 4 1 -2 -5 4 4
-58 -2 9 -10 2 4 1 -3 4 4 0 -2 5 8 -1 -8 9 7 -4 -5 0 4 1 -1 2 -7 -8 -2 -5 4 -2 2 11 5 4 -2 5 -3 9 1 -2 0 -5 4 7 1 -2 -7 -4 -3 -1 -4 6 -7 7 -4 -2 3 1 2 -1 5 -3 -1
62 12 12 -12 0 2 2 4 -1 6 1 -9 9 4 3 4 -9 3 6 -1 -3 1 -2 2 -3 4 -1 5 -2 -6 -3 -11 19 4 -7 2 0 5 0 -3 -2 -3 1 -6 -5 2 -3 -5 1 -1 -1 0 5 1 1 2 -2 3 4 -1 -1 -2 -2 -1
-76 -2 4 5 -21 -6 -2 -3 11 0 1 -7 -1 -7 -2 -3 4 -2 -10 -6 -1 2 0 3 1 -3 -1 3 -2 0 1 10 -2 3 0 1 1 3 7 -3 4 0 7 -2 7 -2 -3 1 -3 -1 0 0 1 -5 4 4 4 -6 -3 2 8 4 -3 5
67 12 -6 -7 -6 6 -7 -2 0 -1 -3 -3 -6 9 10 13 2 1 3 -6 0 -8 -1 -4 6 -1 3 -1 2 -1 0 6 0 3 4 -2 -4 3 -1 0 2 0 -6 -8 -1 0 -7 -2 -2 -4 4 -2 -6 -1 -1 2 1 1 -1 0 4 5 -3 2
-56 -7 5 3 0 2 -3 4 1 6 2 -4 -6 2 -5 1 1 6 9 3 -1 0 10 -1 -3 -5 -3 1 -2 4 0 -2 3 6 0 0 -5 5 2 6 -3 0 -3 3 6 -2 1 -3 3 3 -6 -7 -6 -2 8 -1 0 2 6 -2 4 3 1 3
61 7 -7 -6 4 4 2 11 -6 -1 4 2 6 6 1 2 3 -4 5 2 0 5 -2 4 4 4 9 2 5 2 -6 2 -6 -2 -1 0 0 0 4 -3 2 -4 0 -20 3 -2 0 5 1 1 -5 0 -1 6 4 -3 -2 -1 0 1 -1 2 -3 -1
-43 -5 3 5 -3 -5 -6 4 -9 0 9 -8 -8 -1 2 6 8 5 4 -1 10 8 7 2 1 1 -3 1 -8 -5 2 -7 5 2 -3 -4 -1 -5 3 3 -1 3 -2 11 10 -7 3 -7 -5 -5 -2 0 -12 -7 4 -5 3 -4 8 4 -2 3 3 0
50 4 -1 -6 11 8 -2 2 -1 -14 -5 2 -5 -7 -8 -5 -3 2 -5 1 1 6 -1 3 1 3 1 0 -1 -5 -4 -3 7 5 0 -1 -5 -1 -7 -2 -5 -6 -13 -24 7 11 6 2 0 -1 6 2 1 9 0 -1 -1 4 -1 2 3 3 -1 4
-60 -4 -1 3 7 -1 5 -5 2 6 3 -9 1 -1 -2 -4 8 4 4 -1 -6 0 7 3 3 3 2 -1 4 2 2 -3 -6 -4 1 -10 4 -4 3 7 11 2 13 -8 19 0 -14 -2 -1 -5 -10 -10 -7 -9 5 2 3 -2 -4 3 0 -2 2 0
52 12 -5 11 -2 7 -5 3 3 -4 1 6 -1 7 0 0 -2 3 1 9 4 3 -8 3 6 4 -4 3 4 10 -2 5 -3 7 5 1 -4 4 0 12 -8 10 -5 37 -12 -27 6 -6 -9 -6 -3 -5 0 -1 0 -2 6 4 7 -7 0 0 -2 3
-57 -1 -4 1 -3 6 -4 -3 -4 2 3 -4 9 -1 -8 -10 5 0 -2 2 -9 1 1 9 -5 5 5 4 1 3 -1 3 6 -3 -2 -12 3 2 2 -1 2 -11 2 -15 -16 7 -3 -2 -4 4 -1 -8 -6 -11 12 9 0 0 -4 -3 2 -3 4 -3
46 10 -5 0 1 11 4 -4 2 -3 -4 16 4 -8 1 3 -9 2 5 4 -2 9 4 1 4 -3 4 3 7 4 2 -2 6 -2 20 -11 -14 -3 -7 0 0 8 -1 12 -5 -13 4 -1 -3 -2 -5 -12 2 6 -8 2 -4 0 4 0 0 2 -4 -1
-50 -9 5 -6 8 14 -15 -7 -6 -1 -3 -7 4 7 -13 -6 0 -8 12 4 -5 -6 1 0 -8 -7 -5 0 0 -1 -6 -2 2 -9 -2 11 -5 6 -7 7 -1 0 -7 -5 -12 -1 -9 0 -11 -2 -9 2 -10 2 41 0 11 4 2 0 -2 0 3 5
34 3 9 -1 3 -18 7 3 -8 -6 -10 -3 2 7 3 -2 -2 -5 3 2 2 8 -1 -6 -3 0 2 7 -1 7 0 8 5 15 11 -16 7 -8 11 -4 1 1 -4 6 4 -12 10 2 13 0 10 -6 28 -85 -31 6 -5 3 -8 1 0 4 1 3
-34 -1 -6 -4 2 -2 -1 1 0 -9 0 13 4 0 1 -2 2 13 2 6 3 0 10 2 6 8 3 8 4 7 5 0 8 3 -20 -3 4 2 1 2 6 0 4 -8 11 -1 0 4 0 4 8 13 15 24 -25 -5 -6 -3 6 -2 -7 -5 -2 3
37 -5 13 5 8 3 3 1 -3 6 8 3 1 8 -7 8 4 4 3 -3 -1 2 -4 -5 0 -8 2 -5 0 -5 3 7 3 -10 -2 7 1 3 0 -1 -7 0 -10 6 -12 -6 3 -7 5 4 -3 4 3 -10 3 2 -4 -3 -3 1 -1 -2 -3 0
-36 -4 6 6 -5 -7 -11 3 -2 1 4 8 2 8 6 -11 3 4 7 -2 -1 4 3 -10 0 1 -1 3 -1 3 6 -1 3 7 -2 -4 1 0 5 4 3 1 0 -4 12 -34 -13 -3 -6 9 2 -1 3 5 -11 0 -3 -3 -5 5 1 -7 1 3
31 -4 3 -6 4 -2 2 -4 5 -10 0 -11 1 -3 -4 1 -4 -6 4 6 3 -4 0 -1 2 0 2 3 3 3 3 3 2 2 3 0 3 2 7 0 9 -8 -13 -2 17 28 -13 2 -2 6 -20 3 -4 -3 -1 0 2 -4 -2 2 1 7 5 2
-26 -4 3 3 -2 -3 -2 -2 -4 1 -7 9 0 7 -2 -1 -1 2 -3 -3 -1 -4 0 -8 -5 2 -2 -2 -2 -11 -3 -6 -3 1 4 0 -2 -6 -8 -4 -6 -12 -3 14 -14 7 11 -2 -2 18 13 -9 13 9 -6 -1 1 3 1 0 2 6 -7 -6
25 -1 -4 10 3 1 5 -1 2 4 -5 -8 -2 -3 9 -5 1 0 4 2 4 -1 0 3 1 0 -5 -3 6 2 -10 1 -2 5 -2 4 -3 1 -2 3 2 -2 13 2 8 4 -5 -6 7 18 4 6 1 -3 0 4 0 -4 0 1 1 -3 4 6
-23 -6 1 6 13 -4 1 0 -1 -1 1 6 -4 3 -3 7 -8 -2 -4 -6 0 -4 1 -3 2 1 1 1 -3 -2 -1 -5 -4 5 6 -2 -6 3 5 3 -2 -5 4 -3 -2 12 7 -1 17 -6 1 3 2 1 -4 -1 0 2 -4 -3 -6 0 -3 -7
18 7 -9 8 -5 8 3 -5 -1 -3 -6 3 -2 2 -1 -5 -3 -4 -1 2 1 1 -2 3 -4 -3 1 -7 3 -3 1 -8 2 -5 1 2 5 1 2 -1 1 -1 11 0 6 -1 -5 3 -1 -4 -1 0 3 -3 4 -1 0 -2 1 0 1 0 2 8
-12 -6 5 -5 -3 4 7 0 5 -3 2 6 3 -7 4 -2 3 7 -2 5 -2 0 -1 0 -2 0 -1 0 -3 0 -1 -3 -3 0 4 -1 2 9 -3 -3 1 -1 -2 -1 1 0 3 3 -1 -2 -3 3 1 6 -10 3 -3 2 2 -3 -3 -3 6 -1
14 -5 5 -2 6 1 -4 9 1 7 4 -3 -3 10 -10 1 -6 7 8 -7 -2 0 -1 1 2 -5 2 0 -3 0 5 -4 -2 2 0 -3 -5 0 -5 -4 -2 -4 2 3 0 -1 -1 -2 -3 0 5 -3 0 -2 5 -2 0 1 0 -4 -5 3 -7 2
-10 -9 -1 -5 1 1 -3 -1 13 8 -4 -1 4 0 9 3 3 1 -4 -2 2 -2 3 0 0 1 1 -9 3 -2 4 -8 9 1 -2 3 1 3 3 1 5 0 3 -2 0 1 4 5 1 4 -3 3 -4 4 -4 -4 -1 1 1 -1 -6 -2 2 0
12 -1 -5 5 -8 5 -8 -4 1 2 4 -2 5 -2 -11 -3 3 1 -1 0 -4 -1 0 7 4 2 7 5 -9 0 -8 5 -4 -1 2 -5 -4 6 -4 0 2 -1 7 4 -3 3 4 -1 -1 2 -1 -3 1 -2 -1 -4 -7 0 -3 1 -1 2 -1 0
-1 -5 4 1 6 1 2 6 -9 -1 2 0 3 3 3 4 1 0 7 7 -7 3 10 -4 2 4 -3 -1 5 -3 5 1 4 4 -6 2 5 0 -5 -1 2 -4 2 0 6 -1 0 0 6 -5 -3 2 0 0 2 4 0 -3 -4 0 1 2 -1 5
4 5 3 6 5 5 -2 3 -2 1 -2 -4 -5 1 -4 -3 -2 -5 -4 2 1 5 1 3 0 2 3 1 0 -1 2 -3 -6 -3 0 1 -2 -5 5 2 -5 1 0 2 -4 -1 5 -3 -4 1 -2 0 -3 -3 -1 2 2 2 6 0 3 -3 4 -4
