3039 105 -23 -40 31 33 -21 30 -23 -3 5 -6 8 -10 -4 -7 1 8 -16 5 -28 -7 12 2 2 -4 8 -4 6 -1 1 0
453 16 -14 -62 -9 -7 18 -13 -10 1 -21 -23 -2 2 -3 -12 1 9 4 8 -13 -11 0 -3 0 -2 -10 0 -3 1 2 -1
14 -91 116 66 37 87 -15 -19 -39 7 -4 -16 3 12 4 -6 -7 -1 -12 -1 7 -3 -6 8 -4 5 3 3 4 5 -4 1
258 3 43 41 -90 32 -6 -16 -11 -1 32 8 -2 12 5 -2 -3 -1 -2 4 -7 -6 25 -3 5 2 1 -3 3 3 5 -2
-146 40 28 -15 -65 -46 68 42 -13 -26 -2 2 1 2 -9 -5 1 4 3 -2 4 11 -9 -14 2 0 -5 6 -3 2 0 4
88 -26 24 47 33 -4 12 30 20 -6 -19 -2 6 6 -2 -19 0 -9 -12 5 4 4 -10 1 -6 3 -2 -4 -4 -2 -3 1
-114 19 20 9 7 -3 -1 -28 11 3 13 1 -11 -9 7 14 -9 -6 -5 -2 -8 7 7 0 -5 -7 -1 2 -1 4 3 -2
120 44 22 -42 26 12 5 0 -6 -4 8 9 6 -6 4 6 6 4 -4 -5 -6 9 -5 4 -1 -6 1 -5 3 1 0 -2
-105 -6 -12 24 -15 -9 -2 -4 -1 -14 -9 7 -2 6 -8 -6 -2 -2 -2 3 6 -6 -2 -1 1 0 -3 -2 3 -1 0 -3
92 -4 12 24 24 0 -2 8 2 -3 -3 7 8 0 3 0 -7 0 -5 -9 5 1 2 -5 0 2 -1 -1 -1 4 -1 4
-103 10 -5 -2 5 -5 -12 -10 -2 -1 -6 8 11 -2 4 -6 4 -7 -11 9 0 -7 4 -1 0 2 -2 5 -3 0 3 5
76 10 4 11 5 6 8 -8 -1 1 -3 -16 -3 -3 -2 10 -3 1 -3 3 -3 -2 -1 -9 2 -3 -6 5 7 0 -7 0
-97 16 -18 -2 3 -10 10 -4 13 7 1 12 6 -6 2 -1 -4 5 7 -1 -6 -5 -1 -6 5 5 1 -1 0 3 -1 -2
78 9 -12 10 12 -7 3 -8 -10 3 -3 -5 2 4 -11 0 -3 -3 -4 2 6 -2 1 10 -1 0 -2 8 5 3 3 -1
-95 -5 -9 -2 2 -6 -2 -5 7 0 -1 -8 4 7 10 5 3 -3 -2 2 -2 3 7 -1 7 0 -4 2 0 -1 -1 -3
82 -2 8 24 -7 8 5 -3 2 -8 -6 10 2 2 6 -4 -3 -1 2 2 5 -4 -6 -2 -4 -1 -5 4 5 3 4 2
-73 6 0 -2 -1 -6 1 -2 5 -3 -16 -2 -10 3 4 4 1 -5 1 -4 -7 2 -1 3 -4 -1 1 -2 6 -2 3 4
75 19 0 0 10 -8 -8 1 -8 -4 7 -4 -6 -9 0 3 -5 -6 0 -10 -9 -3 6 4 -7 2 -5 4 8 0 -5 -3
-54 -12 -3 -5 -3 5 -7 1 8 5 7 -3 8 -1 1 1 -4 -2 6 -2 -1 6 2 0 3 -4 2 -8 -3 1 -4 4
61 -9 8 3 -9 3 -4 4 -11 -6 2 -6 -2 -1 2 -8 11 2 -3 5 -5 1 -6 1 4 -4 -5 3 -6 0 -1 -2
-51 -11 -2 -4 -4 1 -1 1 -4 2 -2 -5 -3 2 -4 -6 8 5 -4 5 -6 3 -4 -6 2 2 0 -2 -1 -3 3 -1
43 -4 8 2 3 6 0 -2 -2 0 -8 2 -4 -6 4 3 -3 -3 -9 -2 -2 -18 5 10 0 -1 -2 8 -3 6 3 3
-50 -7 0 -13 -9 -1 7 0 4 -5 -1 -6 0 -4 4 -5 1 -6 5 -5 6 -19 12 14 3 6 0 0 2 3 -3 -5
51 7 -1 4 5 8 -8 -1 -12 -3 2 2 9 1 4 2 0 -1 -9 7 -9 26 -4 -22 -7 -7 -14 9 5 -5 -1 6
-39 -11 -6 14 -5 -6 2 14 10 -1 4 0 -4 2 4 4 5 14 -17 7 -10 -5 -13 4 -10 4 -36 -21 14 0 3 -1
38 -6 3 -7 -14 -1 1 11 6 -5 1 11 5 0 5 7 -3 -7 5 -2 -2 15 -8 -12 11 5 34 -27 -12 2 -1 -1
-34 4 -3 3 -10 1 -9 -13 4 -1 -1 -2 1 7 -4 0 -2 8 10 3 2 0 23 -13 -7 -10 8 8 0 3 4 -2
26 0 7 -3 2 -10 10 -3 3 -3 1 2 1 -1 -3 7 -4 5 1 -3 3 -2 18 18 10 19 -2 -4 1 -1 1 -4
-17 -9 15 1 -3 -5 -6 9 -10 -3 1 -5 3 1 -7 -7 -6 -4 -1 -3 -1 3 -7 0 10 -4 -3 0 -3 0 -6 -2
10 5 2 3 -8 -1 -7 11 -1 -7 4 2 2 -3 4 -6 5 4 4 -5 -1 -3 1 2 0 -3 5 -12 3 -1 0 8
-12 -2 3 -3 7 7 1 -9 2 3 0 -5 -4 -2 10 -6 12 6 3 -6 0 1 4 2 -1 5 -5 4 2 -1 0 -6
0 5 -8 2 6 1 1 3 4 5 5 9 -2 -4 -7 3 -3 -7 -4 -5 -6 0 -8 -5 -7 1 1 -1 -2 -2 1 -7
