16288 960 416 -608 -224 128 -32 -128 0 128 160 64 64 64 32 -64 0 96 -32 -64 0 0 -32 0 -32 0 0 32 -96 0 64 0 -32 -32 0 0 32 -32 32 0 0 32 0 0 32 -32 0 0 0 0 -32 -32 0 0 -32 -32 0 0 -32 0 0 0 0 0 -32 0 0 0 0 0 0 0 0 0 0 0 0 0 0 0 -32 0 0 0 0 0 0 0 0 0 0 0 0 -32 0 0 0 0 0 0 0 0 0 0 0 0 0 0 0 0 0 0 0 0 0 0 0 0 0 0 0 0 0 0 0 0 0 0
1568 -32 -192 -992 -96 0 -224 -128 64 -96 32 32 -64 96 64 64 32 0 32 160 32 -32 64 0 0 64 -32 -32 96 0 -32 -32 0 -32 -32 -32 0 0 0 -32 0 0 -32 0 -32 0 0 -32 0 32 0 64 32 0 32 0 0 0 0 0 0 -32 0 0 0 0 0 -32 32 0 0 0 0 0 0 0 0 0 0 0 0 -32 0 32 0 0 0 32 0 0 0 0 0 32 0 0 0 0 0 0 0 0 0 0 0 0 0 0 0 0 0 0 0 0 0 0 0 0 0 0 0 0 0 0 0 0 0 0
-1312 -352 -256 128 32 0 160 -32 32 96 -96 -64 0 0 -128 -32 0 0 32 -32 -32 64 -64 32 32 -32 32 32 0 32 0 32 32 0 32 0 -32 32 32 0 0 64 32 32 0 32 0 0 0 0 0 0 0 0 0 0 0 0 0 0 0 0 0 0 0 0 0 0 0 0 0 32 0 0 0 32 0 0 -32 32 0 0 -32 0 0 0 0 0 0 0 0 0 0 0 0 0 0 0 0 0 0 0 0 0 0 0 32 0 0 0 0 0 0 0 0 0 0 0 0 0 0 0 0 0 0 0 0 0
192 0 256 128 -128 -32 0 -64 -32 0 -32 -32 -96 32 64 -64 -64 0 32 0 64 0 64 64 0 0 32 -64 0 32 0 0 0 0 0 0 0 0 -64 32 0 32 0 32 0 0 32 32 0 0 0 0 0 0 0 0 32 -32 0 0 32 0 0 -32 0 0 0 -32 0 0 0 0 0 0 0 0 0 32 0 0 -32 0 32 0 0 0 0 0 0 0 0 0 0 0 0 0 0 0 0 0 0 0 0 0 0 0 0 0 0 0 0 0 0 0 0 0 0 0 0 0 0 0 0 0 0 0 0 0
-512 -64 -32 160 64 -32 64 0 -32 -64 -64 -32 -32 -160 -128 32 0 -64 64 0 32 64 32 0 32 64 0 32 64 -32 32 64 0 -32 0 -32 -64 0 -32 -32 -32 0 32 0 0 32 0 0 0 0 -32 0 0 0 0 32 0 0 32 0 0 32 0 -32 0 -32 0 0 0 0 0 0 0 0 0 0 0 -32 0 -32 0 -32 0 0 -32 0 0 0 0 0 0 0 0 0 0 0 0 0 0 0 0 0 0 0 0 0 0 0 0 0 0 0 0 0 0 0 0 0 0 0 0 0 0 0 0 0 0 0
128 32 0 96 32 -64 -32 -64 -32 -64 0 -160 -64 -32 -96 -32 0 0 -32 0 0 0 -32 0 -64 -96 -32 -64 -32 0 -32 -32 32 0 -32 0 32 32 0 32 0 0 32 -32 0 0 0 32 0 -32 32 0 -32 0 -32 0 0 0 0 0 0 0 0 0 0 0 0 32 0 32 0 32 0 0 32 0 0 32 32 0 32 0 0 0 0 0 0 0 0 0 0 32 0 0 32 0 0 0 0 0 0 0 0 0 0 0 0 0 0 0 0 0 0 0 0 0 0 0 0 0 0 0 0 0 0 0 0 0
-224 32 96 0 128 0 0 -64 32 -96 -32 96 -32 0 -32 0 32 64 96 32 32 32 0 64 64 32 0 0 -32 32 0 32 -32 -32 0 -64 0 32 -32 -64 0 -32 0 -32 -32 -32 0 -32 32 32 -32 0 32 0 0 32 0 0 32 0 0 32 0 0 32 0 0 0 0 0 0 0 0 0 -32 32 0 0 0 -32 0 -32 0 0 0 0 0 0 0 0 0 0 0 0 0 0 0 0 -32 0 0 0 0 0 0 0 0 0 0 0 0 0 0 0 0 0 0 0 0 0 0 0 0 0 0 0 0 0
64 64 -32 -96 -128 0 32 0 32 192 0 0 192 96 128 -32 0 0 0 -64 32 32 32 32 -32 0 -32 32 32 0 64 32 0 32 64 32 32 0 32 64 0 0 0 0 32 -32 0 32 32 -32 32 0 0 0 -32 -32 0 -32 -32 0 0 0 0 0 0 0 0 0 -32 0 0 0 -32 0 0 0 0 0 0 0 0 0 0 0 0 0 0 0 0 0 0 0 0 -32 0 0 0 0 0 0 0 0 0 0 0 0 0 0 0 0 0 0 0 0 0 0 0 0 0 0 0 0 0 0 0 0 0 0
-320 -224 -32 -128 -32 0 0 -160 0 -32 64 32 -96 32 32 64 128 64 32 96 -32 96 -32 0 0 0 32 -64 -32 -64 -64 -32 0 -32 -32 -32 -32 32 0 -64 0 0 -64 -32 -32 -32 0 -32 32 64 32 32 32 0 0 32 32 0 0 0 0 0 32 0 0 0 0 0 0 -32 -32 0 32 0 0 0 0 0 32 0 0 0 0 0 0 0 0 0 0 32 0 0 0 0 0 0 0 0 0 0 0 0 0 0 0 0 0 0 0 0 0 0 0 0 0 0 0 0 0 0 0 0 0 0 0 0 0 0
64 32 32 64 -32 64 64 32 -128 32 -32 0 -96 -64 -64 32 -64 0 64 96 96 64 64 -32 96 -32 -32 32 0 0 32 -32 0 -32 0 0 0 0 0 -32 -32 0 -32 0 -32 0 32 0 -32 0 0 0 0 0 32 -32 -32 0 0 32 32 0 32 0 0 32 0 32 0 0 0 0 0 0 32 0 32 0 0 0 0 0 0 0 32 0 0 32 0 32 0 -32 0 0 0 0 0 0 0 0 0 0 0 0 0 0 0 0 0 0 0 0 0 0 0 0 0 0 0 0 0 0 0 0 0 0 0 0
-96 64 64 32 96 64 0 0 -64 -32 0 64 -32 -64 -96 -96 -32 -96 -32 -64 0 32 32 32 0 0 -32 -64 0 0 -64 -32 32 -32 0 0 -32 0 0 0 0 0 -32 0 0 -64 -32 0 0 -32 -32 0 0 -32 0 0 0 -32 -32 0 -32 -32 0 0 0 0 -32 0 0 0 0 0 -32 0 0 0 0 0 0 0 0 32 0 0 0 0 0 32 0 0 32 32 0 0 0 32 0 0 0 0 0 0 0 0 0 0 0 0 0 0 0 0 0 0 0 0 0 0 0 0 0 0 0 0 0 0 0 0
288 64 96 64 160 160 32 32 0 -64 -64 -64 -32 -32 -128 -64 -32 -96 -32 0 -96 0 32 32 32 32 64 96 32 64 64 0 0 32 0 0 -32 0 32 32 0 0 0 32 0 0 0 -32 -32 -32 -32 0 0 0 0 0 0 0 -32 -32 0 0 -32 -32 0 0 -32 0 0 0 0 0 0 0 0 -32 -32 -32 0 0 0 0 0 0 0 0 0 0 0 0 0 0 0 0 0 0 0 0 0 0 0 0 0 0 0 0 0 0 0 0 0 0 0 0 0 0 0 0 0 0 0 0 0 0 0 0 0 0
-32 192 64 0 64 128 96 64 64 128 0 32 96 -32 0 -96 -32 -64 -32 0 -32 -64 0 32 0 -32 0 -32 32 32 32 64 64 32 0 32 0 32 32 64 32 64 32 32 64 -32 0 32 0 0 32 -32 32 32 32 0 0 -32 0 0 -32 -32 0 0 0 0 32 32 0 0 0 32 0 0 0 -32 0 0 0 0 0 0 0 0 0 0 0 0 0 0 0 0 0 0 0 0 32 0 0 0 0 0 0 0 0 0 0 0 0 0 0 0 0 0 0 0 0 0 0 0 0 0 0 0 0 0 0 0
96 -32 64 0 96 96 -32 64 64 32 64 64 0 32 -64 0 -64 -32 -96 32 -64 -64 -64 0 64 -32 0 -64 0 -32 0 -32 -32 -32 -32 -32 32 0 -32 -32 32 64 64 0 0 32 0 32 32 0 32 0 32 32 0 0 32 0 32 0 0 0 -32 0 0 0 0 0 0 32 0 0 0 0 -32 0 0 0 0 0 0 0 32 0 0 0 0 -32 32 0 0 0 0 32 0 0 0 0 0 0 0 0 0 0 0 0 0 0 0 0 0 0 0 0 0 0 0 0 0 0 0 0 0 0 0 0 0 0
-256 -32 0 32 0 64 32 0 96 32 32 64 0 0 0 32 0 -32 -64 -64 -32 -64 0 -96 0 32 0 32 0 32 0 -32 -32 -32 32 -64 -32 0 0 32 -32 0 0 32 0 0 0 0 0 0 32 0 0 0 -32 0 0 0 0 0 0 32 0 0 0 0 -32 -32 0 0 0 -32 0 0 0 0 -32 0 0 0 0 0 0 0 0 32 -32 0 0 0 0 0 0 0 0 0 0 0 0 0 0 0 0 0 0 0 0 0 0 0 0 0 0 0 0 0 0 0 0 0 0 0 0 0 0 0 0 0
160 -32 0 -96 -32 -64 0 32 32 0 32 32 0 0 0 32 32 64 32 -32 -32 0 -32 -32 -96 -64 0 32 0 0 32 64 32 0 -32 32 -64 0 0 -32 0 0 -32 -32 0 0 0 0 0 0 0 -32 0 32 0 0 0 0 32 0 0 32 0 0 0 0 0 0 0 0 0 0 0 0 0 0 0 0 0 0 0 0 0 0 0 0 0 0 0 0 0 0 0 0 0 0 0 0 0 0 0 0 0 0 0 0 0 0 0 0 0 0 0 0 0 0 0 0 0 0 0 0 0 0 0 0 0 0
-64 96 0 -96 -128 0 0 32 0 -64 -32 -32 0 64 -32 32 32 32 32 64 32 0 64 -64 -32 -64 -32 -32 0 32 0 32 32 64 32 -32 0 -32 -64 -32 0 -32 0 0 0 0 0 0 0 0 0 -32 -32 0 -32 -32 -32 0 0 0 0 0 0 0 0 -32 0 0 -32 0 0 0 0 0 0 0 0 0 0 -32 0 0 0 0 0 0 0 0 0 0 0 0 0 0 0 0 0 0 0 0 0 0 0 0 0 0 0 0 0 0 0 0 0 0 0 0 0 0 0 0 0 0 0 0 0 0 0 0
0 -64 96 128 0 32 64 -32 -32 32 0 32 -64 -64 0 -32 64 0 96 64 64 64 0 32 32 0 -32 0 -32 0 -32 0 32 0 64 32 0 0 32 0 0 32 32 0 0 32 32 0 0 -32 0 0 0 0 0 32 32 -32 0 0 -32 0 0 -32 0 -32 -32 -32 0 -32 0 0 0 0 -32 0 0 0 -32 0 -32 0 0 0 0 0 0 0 0 0 0 0 0 0 0 0 0 0 0 0 0 0 0 0 0 0 0 0 0 0 0 0 0 0 0 0 0 0 0 0 0 0 0 0 0 0 0 0
-192 -32 96 32 -64 -32 -32 0 0 32 64 0 0 -32 -96 -32 0 -32 -32 0 0 0 64 0 32 64 0 32 0 32 0 -32 0 0 -32 -32 0 0 0 0 32 0 32 32 32 32 32 0 32 32 0 32 0 0 32 32 32 32 0 0 32 0 0 0 0 0 0 0 0 0 32 0 0 32 32 0 0 0 0 0 0 0 0 0 32 0 0 0 0 0 0 0 0 -32 0 0 0 0 0 0 0 0 0 0 0 0 0 0 0 0 0 0 0 0 0 0 0 0 0 0 0 0 0 0 0 0 0 0
128 64 32 0 -64 -32 64 0 0 0 -32 32 0 32 -32 -64 -32 -32 -64 -32 -32 0 0 0 0 0 0 -32 -32 0 32 0 0 -64 0 0 -32 -32 -32 -64 -32 -32 0 0 0 0 0 0 0 -32 -32 -32 0 32 0 -32 0 -32 0 0 -32 -32 0 -32 -32 0 0 0 0 0 0 0 -32 0 -32 32 32 0 32 32 32 32 0 32 32 0 32 0 32 32 32 32 32 0 0 0 0 0 0 0 0 0 0 0 0 0 0 0 0 0 0 0 0 0 0 0 0 0 0 0 0 0 0 0 0 0 0 0
-128 -32 0 0 -32 0 32 32 32 0 -32 -32 32 0 -64 -96 -32 -32 -32 -32 -32 -32 0 0 32 32 32 0 -32 -32 0 0 0 32 0 32 64 0 0 0 0 0 -32 -32 0 0 0 32 0 0 32 0 -32 0 32 0 0 32 0 32 0 0 0 0 0 -32 -32 0 -32 -32 0 0 0 0 0 0 0 -32 -32 0 -32 0 -32 -32 0 0 0 0 0 0 0 0 32 0 0 0 0 0 0 0 0 0 0 0 0 0 0 0 0 0 0 0 0 0 0 0 0 0 0 0 0 0 0 0 0 0 0 0
64 -64 0 0 -32 -32 32 0 32 64 32 64 96 0 0 -32 -32 -32 0 -64 -32 -32 0 -32 32 32 0 32 0 0 -64 -32 -32 0 0 -32 -32 0 -32 0 0 32 0 0 0 0 0 -32 0 0 0 32 0 -32 -32 0 0 0 0 32 32 32 32 32 32 32 0 0 32 0 -32 0 0 32 32 0 32 0 0 0 0 0 0 -32 0 -32 0 0 -32 -32 0 0 0 0 0 0 0 0 0 0 0 0 0 0 0 0 0 0 0 0 0 0 0 0 0 0 0 0 0 0 0 0 0 0 0 0 0 0
-224 -64 32 0 -32 0 0 32 0 64 32 32 32 64 96 32 0 0 0 32 -32 -64 0 64 32 32 64 64 96 64 64 0 0 0 -32 -32 -32 0 -32 -32 0 -32 0 0 0 0 0 0 0 0 0 -32 -32 0 0 0 0 -32 -32 32 0 0 0 -32 -32 0 0 -32 0 -32 0 0 0 0 0 0 0 0 0 0 -32 0 0 -32 0 0 0 0 0 0 0 0 0 0 0 0 0 0 0 0 0 0 0 0 0 0 0 0 0 0 0 0 0 0 0 0 0 0 0 0 0 0 0 0 0 0 0 0
64 -64 0 0 0 -32 32 0 -32 32 64 64 64 0 32 32 32 0 -32 0 -64 -64 0 -32 0 32 32 32 64 32 32 32 0 0 64 0 -32 -32 -32 -32 0 -32 0 0 32 32 0 0 32 32 0 0 -32 0 -32 -32 -32 0 0 0 0 0 32 0 0 0 0 0 0 0 0 0 0 0 0 32 32 0 0 0 0 0 0 0 0 -32 -32 0 -32 -32 0 -32 0 0 0 0 0 0 0 0 0 0 0 -32 0 0 0 0 0 0 0 0 0 0 0 0 0 0 0 0 0 0 0 0 0 0 0 0
-128 32 0 -32 -64 -32 32 32 0 -32 64 32 64 0 0 32 0 -32 0 0 -64 0 0 -32 -32 0 32 0 32 0 32 32 0 0 32 64 64 32 0 -32 -32 -32 -32 -32 -32 0 0 0 0 0 0 32 0 0 0 -32 -32 -32 -32 0 -32 -32 0 0 0 0 0 0 32 0 -32 0 0 32 0 0 0 32 0 32 32 32 32 32 32 32 0 0 32 0 32 0 0 0 0 0 0 0 0 0 0 0 0 0 0 0 0 0 0 0 0 0 0 0 0 0 0 0 0 0 0 0 0 0 0 0 0 0
96 -32 0 -32 -64 -32 32 0 -96 -32 32 64 32 0 32 64 32 64 0 0 0 0 0 0 0 0 0 0 0 32 32 64 0 0 0 0 32 64 32 0 32 0 0 -32 -32 0 0 -32 0 0 0 32 0 0 32 0 0 0 -32 0 0 -32 0 0 0 0 0 0 0 0 -32 -32 -32 0 -32 -32 0 0 0 0 0 0 0 0 0 0 0 0 0 0 0 0 0 0 0 0 32 0 0 0 0 0 0 0 0 0 0 0 0 0 0 0 0 0 0 0 0 0 0 0 0 0 0 0 0 0 0 0
-160 -96 -32 -32 0 0 32 -64 -64 0 32 32 0 64 32 64 32 64 32 0 0 -64 0 -32 -32 0 0 0 0 32 32 64 64 0 32 32 0 0 0 0 32 0 32 0 0 0 -32 0 0 0 0 32 32 0 0 0 0 0 0 0 32 32 0 0 0 32 32 0 32 32 32 0 -32 -32 0 0 -32 0 0 0 0 0 0 32 0 -32 0 -32 -32 -32 -32 0 0 0 0 0 0 0 0 0 0 0 0 0 0 0 0 0 0 0 0 0 0 0 0 0 0 0 0 0 0 0 0 0 0 0 0 0
96 -32 -64 0 -32 -32 -32 -32 0 0 0 -32 0 32 0 -32 0 32 32 0 0 -32 -32 -32 -32 0 0 -32 -32 0 0 0 32 0 0 32 0 -32 0 0 0 0 -32 0 0 0 0 0 0 0 0 0 32 0 0 0 0 -32 0 -32 0 0 0 32 0 0 0 0 0 32 0 32 0 0 0 32 0 0 0 0 0 0 0 0 0 32 0 0 0 0 0 0 0 0 0 0 0 0 0 0 0 0 0 0 0 0 0 0 0 0 0 0 0 0 0 0 0 0 0 0 0 0 0 0 0 0 0 0
-96 0 0 32 0 -96 -32 -32 -32 -32 -32 32 0 32 32 32 0 32 32 0 32 0 -32 -32 -32 -32 0 0 0 32 32 0 32 32 0 0 0 0 0 0 0 0 -32 -32 -32 -32 -32 -32 -32 0 0 0 0 32 32 0 32 32 0 -32 -32 -32 0 0 0 0 0 0 32 0 0 0 0 0 0 0 0 32 0 0 0 0 0 0 0 0 0 0 0 0 0 0 -32 0 0 0 0 0 0 0 0 0 0 0 0 0 0 0 0 0 0 0 0 0 0 0 0 0 0 0 0 0 0 0 0 0 0 0
128 -64 -32 -32 -32 0 32 32 0 -96 0 32 0 -32 32 32 32 -32 32 0 0 0 0 -32 -64 -32 0 0 -32 -32 0 32 32 0 0 0 0 32 32 0 32 0 0 0 -32 -32 -32 -32 -32 -32 0 0 0 0 32 32 0 0 0 0 0 0 -32 -32 0 0 0 0 0 32 0 0 0 0 32 0 0 0 0 0 0 32 32 32 0 0 0 32 32 0 0 0 0 0 0 0 0 0 0 0 0 0 0 0 0 0 0 0 0 0 0 0 0 0 0 0 0 0 0 0 0 0 0 0 0 0 0 0
-64 32 -32 -32 -32 -64 -32 64 32 -32 0 64 0 0 -32 32 64 32 64 64 64 32 0 0 -64 -32 -32 0 -64 -64 -64 -32 0 -32 0 0 0 0 0 32 0 0 0 0 0 0 32 0 0 -32 -32 0 -32 -32 -32 0 0 0 0 -32 0 0 -32 -32 -32 0 -32 -32 -32 0 -32 0 -32 -32 -32 0 -32 0 0 -32 0 0 0 32 0 0 0 32 0 0 0 0 0 0 0 0 0 32 0 0 0 0 0 0 0 0 0 0 0 0 0 0 0 0 0 0 0 0 0 0 0 0 0 0 0 0 0 0
96 -32 0 64 32 -32 -64 0 0 -64 0 64 0 -32 0 32 96 64 32 64 64 96 32 32 0 0 -32 -32 -32 -32 0 -32 32 0 0 32 0 0 0 0 0 0 0 0 0 -32 0 0 32 32 0 0 0 -32 -32 -32 0 0 0 0 0 0 0 0 -32 0 0 0 0 0 -32 0 0 0 0 0 -32 0 -32 0 0 0 -32 0 0 0 0 0 0 0 0 -32 0 0 0 0 0 0 0 0 0 0 0 0 0 0 0 0 0 0 0 0 0 0 0 0 0 0 0 0 0 0 0 0 0 0 0 0
-64 32 0 -32 0 -32 -32 32 0 -96 -64 0 -64 -32 32 0 0 32 96 64 32 64 64 64 32 0 -32 -32 -32 -32 -32 -32 0 0 0 0 0 0 0 0 32 0 0 32 0 0 0 0 32 32 0 32 32 32 0 0 -32 0 0 -32 0 0 0 32 0 -32 0 0 32 0 0 32 32 0 0 0 0 0 0 0 0 0 0 0 0 -32 0 0 0 0 0 0 0 0 0 0 -32 0 0 0 0 0 0 0 0 0 0 0 0 0 0 0 0 0 0 0 0 0 0 0 0 0 0 0 0 0 0 0
96 -32 -64 0 -32 -64 -64 -32 32 -32 -32 32 0 -32 32 0 0 0 32 64 32 96 64 64 64 32 64 0 -32 0 0 -32 0 32 32 32 32 32 32 -32 0 0 0 0 0 0 0 -32 -32 32 32 0 32 32 64 64 32 0 0 0 0 0 -32 0 0 0 0 0 -32 0 0 0 0 32 32 32 0 0 0 -32 0 0 0 0 0 0 0 0 0 0 0 0 0 0 0 0 0 0 0 0 0 0 0 0 0 0 0 0 0 0 0 0 0 0 0 0 0 0 0 0 0 0 0 0 0 0 0 0
-160 -64 0 -32 0 -32 -64 -32 -32 -96 -64 0 0 -32 0 0 -32 0 -32 32 0 32 64 64 64 32 64 32 0 -32 0 -32 -32 0 0 -32 0 32 32 0 0 0 0 0 -32 -32 0 0 -32 0 0 32 0 0 0 32 32 0 0 0 32 32 0 0 0 0 0 0 0 32 32 0 0 0 32 32 32 0 0 0 0 0 0 0 0 0 32 32 0 0 0 0 0 0 0 0 0 0 0 0 0 0 0 0 0 0 0 0 0 0 0 0 0 0 0 0 0 0 0 0 0 0 0 0 0 0 0 0
96 -32 -64 -64 -32 0 0 -32 0 -32 -64 0 0 -64 -32 -32 -32 -32 32 32 -32 0 32 32 64 32 32 64 32 32 0 -32 -32 0 0 -32 -32 0 0 0 -32 0 0 0 -32 -32 -32 0 0 0 0 32 32 32 0 0 32 0 0 -32 -32 0 0 0 0 0 0 32 0 0 0 0 0 0 0 0 0 0 0 0 0 32 0 0 32 32 0 0 32 32 32 0 0 0 0 0 0 0 0 0 0 0 0 0 0 0 0 0 0 0 0 0 0 0 0 0 0 0 0 0 0 0 0 0 0 0 0 0
-96 0 -32 -64 -32 -32 -96 -32 0 0 0 0 0 -32 -32 0 0 0 0 0 0 -32 32 32 0 0 0 32 32 64 32 32 0 0 0 32 0 0 0 0 0 -32 -32 0 0 0 -32 -32 0 0 -32 0 0 0 32 32 32 0 0 0 -32 -32 -32 -32 0 -32 0 0 0 0 0 0 0 0 0 0 0 0 0 0 0 0 0 0 0 0 0 0 0 32 0 0 0 32 0 0 0 0 0 0 0 0 0 0 0 0 0 0 0 0 0 0 0 0 0 0 0 0 32 0 0 0 0 0 0 0 0 0
96 -32 -32 -64 0 32 0 -96 -32 -32 -64 -32 -32 -96 -96 -64 -32 -32 -32 -64 0 0 0 0 0 0 0 32 32 64 32 0 0 -32 0 32 32 0 0 32 0 0 0 0 0 0 32 0 -32 0 0 0 0 0 0 0 0 0 32 32 0 0 -32 0 -32 -32 -32 -32 0 0 0 0 0 32 32 0 0 0 0 0 -32 0 0 -32 0 0 0 0 0 0 0 0 0 0 0 0 0 0 0 0 0 0 0 0 0 0 0 0 0 0 0 0 0 0 0 0 0 0 0 0 0 0 0 0 0 0 0 0
-96 32 0 -64 -32 0 -32 -32 0 -32 -64 -64 0 -32 -32 -32 -96 -64 -32 -32 -32 0 0 0 0 32 0 32 32 64 64 0 32 0 0 32 32 32 0 0 0 0 0 0 0 0 32 32 0 -32 0 0 0 0 0 0 32 32 0 0 0 32 32 32 0 0 -32 -32 -32 -32 0 0 0 0 0 32 0 0 0 32 0 32 0 -32 0 0 0 0 0 0 0 0 0 0 0 0 0 0 0 0 0 0 0 0 0 0 0 32 0 0 0 0 0 0 0 0 0 0 0 0 0 0 0 0 0 0 0 0
96 32 32 0 -32 -32 -64 -64 -32 -32 -64 -64 32 -32 -96 -32 -32 -64 -32 -32 0 0 0 -32 -32 32 0 0 -32 -32 32 0 32 32 32 0 0 32 0 0 32 0 0 -32 -32 -32 0 0 32 32 0 -32 -32 0 0 -32 0 0 32 0 0 32 32 0 32 32 0 0 0 -32 0 0 0 0 0 0 0 0 0 0 0 0 0 0 0 0 0 0 0 0 0 0 0 0 0 0 0 0 0 0 0 0 0 0 0 0 32 32 0 0 0 0 32 0 0 0 0 0 0 0 0 0 0 0 0 0 0 0
-128 0 0 0 -32 0 -32 -64 -64 -32 -64 -32 32 -32 -64 -32 -32 -32 -32 -32 -32 -32 -32 0 0 -32 -32 0 0 -32 0 -32 -32 0 0 0 -32 0 0 0 0 64 32 0 -32 -32 0 0 0 0 32 0 0 0 -32 -32 0 -32 0 32 0 0 32 0 0 0 0 0 32 0 0 0 0 0 -32 0 0 0 0 0 0 0 0 -32 0 0 0 0 0 0 0 0 0 0 0 0 0 0 0 0 0 0 0 0 0 0 0 0 0 0 0 0 0 0 0 0 0 0 0 0 0 0 0 0 0 0 0 0
128 32 0 0 0 32 0 -32 -32 0 -32 -32 0 0 -32 0 0 -32 -32 0 0 0 -32 -32 32 0 -32 0 0 -32 0 0 -32 0 0 0 0 0 -32 -32 0 0 0 0 0 0 0 -32 -32 0 0 32 0 0 0 -32 -32 -32 0 32 0 0 0 0 -32 -32 -32 0 0 0 0 0 0 0 0 0 0 0 32 32 0 0 0 0 0 -32 -32 0 0 0 0 0 0 0 0 0 0 0 0 0 0 0 0 0 0 0 0 0 0 0 0 0 0 0 0 0 0 0 0 0 0 0 0 0 0 0 0 0
-64 32 32 32 0 0 0 0 0 0 0 -32 0 32 0 32 32 -32 0 0 -32 -32 -32 0 -32 0 -32 -32 0 -32 0 0 -32 -32 -32 0 0 -32 0 0 0 0 0 0 32 32 0 -32 0 0 32 32 32 32 0 0 0 -32 0 0 32 0 0 0 0 0 0 0 0 0 0 0 0 0 0 0 0 0 0 0 0 0 0 0 0 0 -32 -32 -32 -32 0 0 0 0 0 0 0 0 -32 0 0 0 0 -32 0 0 0 0 0 0 0 0 0 0 0 0 0 0 0 0 0 0 0 0 0 0 0 0
160 64 32 32 0 32 32 32 32 -32 -32 -32 32 0 -64 -32 64 32 32 32 -32 -32 0 32 32 32 32 0 32 32 0 0 0 0 0 0 0 0 0 -32 -32 -32 0 0 32 0 0 0 -32 0 0 32 32 32 32 32 32 0 -32 0 0 0 0 0 0 32 0 0 0 0 32 0 0 0 0 0 0 0 0 0 0 0 0 0 0 0 0 0 0 0 0 0 0 0 0 0 0 0 0 0 0 0 0 0 0 0 0 0 0 0 0 0 0 0 0 0 0 0 0 0 0 0 0 0 0 0 0 0
-64 32 32 0 0 0 32 0 -32 -32 -32 0 32 0 -32 -64 -32 -32 -32 0 0 -32 0 0 32 0 32 32 0 32 32 0 0 0 0 0 0 0 0 -32 -32 -32 -32 0 0 32 0 32 0 0 0 0 32 32 0 0 0 0 0 0 0 0 0 0 0 32 0 0 0 0 0 32 0 0 0 0 0 0 -32 -32 0 0 32 0 0 0 0 0 0 0 0 0 0 0 0 0 0 0 0 0 0 0 0 0 0 0 0 0 0 0 0 0 0 0 0 0 0 0 0 0 0 0 0 0 0 0 0 0
96 0 32 64 32 0 -32 0 32 0 -32 0 0 0 0 0 0 -32 -64 -32 -64 -32 0 0 32 -32 0 0 0 0 32 64 32 32 32 0 -32 0 0 -32 0 0 -32 -32 0 0 0 0 -32 0 0 -32 0 32 32 0 0 0 -32 0 -32 -32 0 0 0 0 -32 -32 0 -32 -32 0 0 0 0 0 0 0 0 0 0 0 0 0 0 0 0 0 0 -32 -32 0 0 0 0 0 0 0 0 0 0 0 0 0 0 0 0 0 0 0 0 0 0 0 0 0 0 0 0 0 0 0 0 0 0 0 0 0
-64 32 0 0 0 -32 -32 0 32 32 0 -32 -32 0 -32 -32 32 0 -32 0 0 0 -32 -32 -32 -32 -32 0 0 0 0 32 32 64 64 32 0 0 32 0 0 0 -32 -32 -32 32 32 0 -32 -32 -32 -32 0 0 32 32 32 32 0 32 0 0 0 0 0 0 -32 -32 -32 -32 -32 0 0 0 0 0 0 0 32 32 0 0 0 0 0 0 0 0 0 0 0 0 -32 0 0 0 32 32 0 0 0 0 0 0 0 0 0 0 0 0 0 0 0 0 0 0 0 0 0 0 0 0 0 0 0 0 0 0
128 0 -32 -32 32 32 32 0 -32 -32 32 0 32 64 0 -32 0 0 -64 -32 0 32 0 -64 -64 -32 -64 -32 -32 -32 0 0 0 0 0 0 0 0 32 0 0 0 0 0 -32 -32 0 0 0 0 -32 -32 -32 0 0 32 64 32 -32 0 0 0 0 0 0 0 0 -32 -32 -32 -32 -32 -32 -32 0 -32 -32 -32 0 0 32 0 0 0 0 0 0 -32 0 0 0 0 -32 -32 0 0 0 0 0 0 0 0 0 0 0 0 0 0 0 0 0 32 0 0 0 0 0 0 0 0 0 0 0 0 0 0 0 0
-128 -32 0 0 0 32 32 0 -32 0 0 -32 0 32 32 0 32 32 0 0 0 32 32 -32 -32 -32 -32 -32 -32 -32 0 0 0 0 32 32 32 0 0 0 -32 0 0 0 -32 -32 0 0 0 0 0 -32 -32 -32 0 0 32 64 32 0 0 0 0 0 0 0 0 0 0 0 0 0 0 0 0 0 0 0 -32 0 0 0 0 0 0 0 0 -32 0 0 0 0 0 0 0 0 0 0 -32 0 0 0 0 0 0 0 0 0 0 0 0 0 0 0 0 0 0 0 0 0 0 0 0 0 0 0 0 0
96 0 32 32 32 0 32 0 0 32 32 32 32 32 0 -32 0 32 0 0 0 0 0 0 0 -32 -32 0 0 0 0 -32 0 -32 0 0 32 32 32 0 0 0 -32 0 0 -32 0 0 0 0 0 0 -32 -32 -32 -32 0 32 32 32 32 0 32 32 32 32 0 0 0 0 0 0 0 0 0 0 0 0 0 0 0 0 32 32 0 0 32 0 0 -32 -32 0 0 0 0 0 0 0 0 0 0 0 0 0 0 0 0 0 0 0 0 0 0 0 0 0 0 0 0 0 0 0 0 0 0 0 0 0
-96 32 64 32 -32 -64 -32 0 0 -32 0 0 32 32 0 -32 0 32 0 0 32 0 0 0 32 0 0 32 32 -32 -32 -32 0 -32 0 32 0 32 0 0 0 32 0 32 0 0 0 0 0 0 0 0 0 0 -32 -32 0 0 0 0 32 0 0 32 0 32 0 0 0 0 0 0 0 -32 0 0 0 0 0 0 0 0 0 32 0 0 0 0 0 0 0 -32 0 0 0 0 0 0 0 0 0 0 0 0 0 0 0 -32 0 0 0 0 0 0 0 0 0 0 0 0 0 0 0 0 0 0 0 0
64 -32 -32 0 32 32 32 0 -32 0 -32 0 -32 -32 -32 -32 0 32 0 0 32 0 -32 0 0 0 -32 32 32 0 0 0 0 0 -32 0 0 32 0 -32 -32 0 0 0 32 0 0 0 32 0 0 0 0 0 -32 -32 -32 0 0 32 32 0 0 0 -32 0 0 0 0 0 0 0 0 0 0 0 0 0 0 0 0 0 0 32 32 32 0 0 32 0 0 0 0 0 0 0 0 0 0 0 0 0 0 0 0 0 0 0 -32 0 0 0 0 0 0 0 0 0 0 0 0 0 0 0 0 0 0 0
-64 32 0 -32 32 32 32 0 0 0 0 0 -32 -32 0 0 -32 32 32 0 -32 -32 32 32 32 32 -32 0 32 32 32 32 32 32 0 0 0 0 32 0 0 32 32 -32 -32 0 0 0 0 0 0 0 32 32 0 -32 -32 -32 0 0 32 0 32 0 0 0 0 0 0 0 0 0 0 0 0 0 0 0 0 0 0 0 0 0 0 0 0 0 0 0 0 0 0 0 0 0 0 0 0 0 0 0 0 0 0 0 32 0 0 0 0 0 0 0 0 0 0 0 0 0 0 0 0 0 0 0 0 0
64 32 0 0 0 32 0 -32 -64 -32 -32 -32 -32 -32 0 0 -32 0 32 0 -32 -32 32 32 0 0 0 -32 0 -32 0 0 -32 0 0 0 0 0 32 0 0 0 0 0 -32 -32 0 32 32 32 0 0 0 32 32 0 0 -32 -32 0 0 0 0 0 0 0 0 0 0 0 0 0 0 0 0 0 0 0 0 -32 0 0 0 0 0 0 0 0 0 0 0 0 0 0 0 0 0 0 0 0 0 0 0 0 0 0 0 0 0 32 0 0 0 0 0 0 0 0 0 0 0 0 0 0 0 0 0 0
-128 0 32 0 -32 0 0 0 -32 -32 0 0 -32 0 0 0 -32 32 32 -32 -32 -32 0 0 -32 -32 -32 0 -32 -64 0 32 0 0 0 -32 -32 -32 0 0 0 0 0 0 -32 -32 -32 0 0 32 32 32 0 0 32 0 0 0 -32 0 0 32 32 32 0 -32 0 0 0 0 0 0 0 0 0 0 0 0 0 0 0 0 0 0 0 0 0 0 0 0 0 0 0 0 0 0 0 0 0 0 0 0 0 32 0 0 0 0 0 0 0 0 0 0 0 0 0 0 0 0 0 0 0 0 0 0 0 0
64 -32 0 0 -32 0 0 0 0 -32 -32 0 0 0 0 -32 -32 32 32 -32 -32 0 32 32 0 -32 0 0 -32 -64 -64 0 0 32 0 0 0 0 0 -32 -32 -32 0 0 0 -32 -32 -32 -32 0 32 32 32 0 32 32 32 0 -32 -32 -32 0 32 32 32 32 0 0 0 0 0 0 0 0 0 0 0 32 32 0 0 0 32 32 0 0 0 0 0 0 0 0 0 0 0 0 0 0 0 0 0 0 0 0 0 0 0 0 0 0 0 0 0 0 0 0 0 0 0 0 0 0 0 0 0 0 0 0
-96 0 -32 0 32 32 0 0 0 0 -32 -32 0 32 32 0 -64 -32 0 -32 0 32 32 0 -32 0 0 0 0 0 -32 0 0 0 0 0 32 32 32 32 32 0 -32 -32 0 0 -32 -32 -32 -32 0 0 0 -32 0 0 32 32 0 -32 -32 -32 -32 0 0 0 0 -32 0 0 0 0 0 -32 0 0 0 0 0 0 0 0 0 32 0 0 0 0 0 0 0 0 0 0 0 0 0 0 0 0 0 0 -32 0 0 0 0 0 0 0 0 0 0 0 0 0 0 0 0 0 0 0 0 0 0 0 0 0
128 0 0 32 0 32 32 32 32 0 -32 -32 -32 -32 -32 -32 -32 0 32 0 0 32 32 0 -32 0 32 0 0 0 -32 0 32 64 32 0 0 0 32 32 32 32 0 0 0 0 -32 0 -32 -32 0 0 32 0 0 0 0 32 0 0 0 0 0 0 0 0 32 0 0 0 0 0 0 -32 0 0 0 0 0 0 0 0 0 0 0 0 0 0 0 32 0 0 0 0 0 0 0 0 0 0 0 0 0 0 0 0 0 0 0 0 0 0 0 0 0 0 0 0 0 0 0 0 0 0 0 0 0 0
-96 0 0 32 0 0 0 32 32 32 0 0 0 0 0 -32 -64 -32 0 -32 -32 0 0 0 0 0 32 0 0 0 -32 -32 -32 0 32 0 0 0 32 0 0 0 0 0 -32 -32 0 0 0 0 -32 0 32 32 0 0 0 0 0 0 0 -32 0 0 0 0 32 0 0 0 0 0 0 0 0 0 0 0 0 0 0 0 0 0 0 0 0 0 0 0 0 0 0 0 0 0 0 0 0 0 0 0 0 0 0 0 0 0 0 0 0 0 0 0 0 0 0 0 0 0 0 0 0 0 0 0 0 0
96 0 -32 0 32 32 32 0 32 32 0 -32 0 0 64 32 -32 -64 -32 -32 -32 0 0 0 0 0 -32 -32 -32 0 32 32 0 -32 0 -32 -32 -32 0 32 0 0 32 32 0 -32 -32 -32 0 0 0 0 0 0 0 0 0 32 0 0 0 0 0 32 0 0 0 0 0 0 -32 -32 0 0 0 0 -32 0 0 0 0 0 0 32 32 0 0 0 0 0 0 0 0 0 0 0 0 0 0 0 0 0 0 0 32 0 0 0 0 0 0 0 0 0 0 0 0 0 0 0 0 0 0 0 0 0 0 0
-96 -32 -32 32 64 32 0 0 0 32 0 0 0 0 32 0 0 -32 32 32 0 0 0 -32 0 0 -32 -32 -32 -32 -32 0 0 -32 0 32 0 0 0 0 0 32 32 32 32 0 0 -32 -32 0 0 0 0 0 0 32 0 32 0 0 0 0 0 0 0 32 32 32 0 0 0 -32 -32 0 0 32 0 0 0 0 0 0 0 0 0 0 0 0 0 0 0 0 0 0 0 0 0 0 0 0 0 0 0 0 0 0 0 0 0 0 0 0 0 0 0 0 0 0 0 0 0 0 0 0 0 0 0 0
96 0 -32 32 32 0 0 0 32 0 0 32 32 0 0 0 0 0 32 32 -32 0 0 -32 0 -32 -32 0 0 0 -32 -32 0 -32 -32 0 0 0 0 0 0 0 0 32 0 0 0 0 0 0 0 0 -32 0 0 0 0 0 32 0 0 -32 -32 -32 -32 0 0 32 0 0 0 0 0 0 0 0 0 0 0 0 0 0 0 0 32 0 32 32 0 0 0 0 0 0 0 0 0 0 0 0 0 0 0 0 0 0 0 0 0 0 0 0 0 0 0 0 0 0 0 0 0 0 0 0 0 0 0 0
0 32 -32 -32 0 0 32 32 0 0 -32 0 32 32 32 32 0 0 32 32 -32 0 32 -32 -32 -32 -64 -32 0 0 -32 -32 -32 -32 -32 0 0 32 0 0 0 0 0 0 0 0 -32 -32 -32 0 0 0 0 0 0 0 0 0 0 32 32 0 0 -32 0 0 0 0 0 0 0 0 0 -32 0 0 0 0 0 -32 -32 0 0 0 0 0 0 32 0 0 0 0 0 0 0 0 0 0 0 0 0 0 0 0 0 0 0 0 0 0 0 0 0 0 0 0 0 0 0 0 0 0 0 0 0 0 0 0
96 -32 -32 32 32 0 0 0 0 0 0 0 0 0 0 32 0 0 32 64 0 0 32 0 0 0 -32 0 0 -32 -32 -32 0 -32 -32 -32 0 32 32 0 32 0 0 0 0 0 0 0 -32 -32 -32 0 0 0 0 0 32 0 0 32 32 0 0 0 0 0 0 0 0 32 0 0 0 -32 -32 0 0 0 0 0 0 0 -32 0 0 0 0 0 32 32 0 0 0 0 0 0 32 32 32 0 0 0 0 0 0 0 0 32 0 0 0 0 0 0 0 0 0 0 0 0 0 0 0 0 0 0 0 0
-96 -32 32 64 0 -32 -32 0 32 0 0 -32 -32 -32 0 32 0 0 32 32 0 -32 0 0 0 0 -32 0 32 0 0 0 0 0 0 0 0 32 32 0 0 32 32 32 0 0 0 0 -32 0 0 0 0 0 0 0 0 0 0 32 32 32 32 0 0 0 0 0 0 0 0 0 0 0 -32 -32 -32 -32 0 0 0 0 -32 -32 0 0 0 0 0 0 0 0 0 0 0 0 0 0 0 0 0 0 0 0 0 0 0 0 0 0 0 0 0 0 0 0 0 0 0 0 0 0 0 0 0 0 0 0
96 0 0 0 0 -32 0 64 32 32 0 -32 0 -32 -32 0 -32 -32 0 0 -32 -32 32 0 0 32 0 0 0 0 0 0 0 0 0 0 0 0 32 32 0 0 0 32 32 32 32 0 0 0 0 -32 0 0 0 0 0 0 0 0 32 32 32 32 0 0 32 0 0 0 0 0 0 0 0 0 0 0 0 0 0 0 0 0 0 0 0 0 -32 0 0 0 0 0 0 0 0 0 0 0 -32 0 0 0 0 0 0 0 0 0 0 0 0 0 0 0 0 0 0 0 0 0 0 0 0 0 0 0
-96 0 0 0 0 0 0 32 32 0 -32 0 0 0 0 0 -32 -32 0 0 0 -32 32 32 0 32 0 -32 -32 -32 0 0 0 -32 0 0 0 -32 0 0 32 0 0 32 0 0 0 0 0 0 0 -32 0 -32 0 0 0 32 0 0 0 32 32 0 0 0 0 32 0 0 32 32 32 0 0 0 0 0 0 0 0 32 0 0 0 0 0 0 0 0 0 0 0 0 0 0 0 0 0 0 0 0 0 0 0 0 0 0 0 0 0 0 0 0 0 0 0 0 0 0 0 0 0 0 0 0 0 0
64 0 -32 0 -32 0 -32 0 0 32 0 0 32 0 0 0 0 0 0 32 0 -32 32 32 0 32 0 -32 -32 -32 -32 -32 -32 0 0 0 0 0 0 0 32 32 0 0 32 0 0 0 0 0 -32 -32 0 -32 -32 -32 -32 0 0 0 0 0 32 32 0 0 0 0 0 0 0 0 32 32 0 0 0 0 0 0 0 0 0 0 0 0 0 0 0 0 0 0 0 0 0 0 0 0 0 0 0 0 0 0 0 0 0 0 0 0 0 0 0 0 0 0 0 0 0 0 0 0 0 0 0 0 0 0
-64 0 0 -32 -32 0 0 0 0 32 0 0 0 0 -32 -32 -32 -32 -32 32 32 -32 0 0 0 0 0 -32 -32 -32 0 0 -32 -32 -32 0 0 -32 0 0 32 32 0 -32 0 0 32 32 32 32 0 0 32 0 -32 0 0 -32 -32 -32 0 0 0 0 0 0 0 0 0 0 0 0 0 0 0 0 0 -32 -32 0 0 0 32 0 0 0 0 0 0 0 0 0 0 0 0 0 0 0 0 0 0 0 0 0 0 0 0 0 0 0 0 0 0 0 0 0 0 0 0 0 0 0 0 0 0 0 0 0
64 0 0 0 0 32 32 32 0 0 32 0 0 0 -32 -32 -32 -32 -32 0 32 0 0 32 0 0 0 -32 -32 0 0 0 -32 -32 -32 -32 0 -32 -32 0 0 32 0 0 0 0 0 0 32 32 0 0 0 32 0 0 0 0 0 0 0 0 0 0 0 0 0 0 0 0 0 0 0 0 0 0 0 -32 -32 -32 -32 0 0 0 32 0 0 0 0 0 0 0 0 0 0 0 0 0 0 0 0 0 0 0 0 0 0 0 0 0 0 0 0 0 0 0 0 0 0 0 0 0 0 0 0 0 0 0
-64 0 0 -32 0 0 -32 0 0 0 0 0 0 0 0 0 0 0 -32 0 0 -32 0 32 0 0 32 0 0 32 0 -32 -32 0 -32 -32 0 -32 -32 -32 -32 0 0 0 -32 -32 0 -32 0 0 0 0 0 32 0 32 32 0 0 0 0 0 0 0 0 0 0 0 0 0 0 0 0 0 0 0 0 0 0 0 0 0 0 0 32 32 0 0 0 0 0 0 0 0 0 0 0 0 0 0 0 0 0 0 0 0 0 0 0 0 0 0 0 0 0 0 0 0 0 0 0 0 0 0 0 0 0 0
96 0 -32 -32 0 0 -32 -32 0 0 0 32 32 32 0 0 0 0 0 32 32 0 -32 0 -32 0 32 0 0 0 -32 0 0 32 32 0 0 -32 -64 -32 -32 0 0 0 0 0 -32 -32 -32 0 0 0 -32 0 0 32 32 0 0 0 -32 0 0 0 0 0 0 -32 0 0 0 0 0 0 0 0 0 0 0 0 0 -32 0 0 0 0 32 0 0 0 0 0 0 0 0 0 0 0 0 0 0 0 0 0 -32 0 0 0 0 0 0 0 0 0 0 0 0 0 0 0 0 0 0 0 0 0 0 0
-64 -32 0 0 32 0 -32 -32 0 0 0 0 32 64 32 0 -32 -32 -32 0 64 0 -32 0 0 0 0 0 0 0 0 0 0 0 0 0 0 -32 -32 -32 -32 0 0 0 0 -32 0 0 -32 0 0 0 0 0 0 0 32 32 32 32 0 0 0 0 0 0 0 0 0 0 0 0 0 0 0 0 0 0 0 0 0 0 0 0 0 0 32 32 0 0 0 0 0 0 0 0 0 0 0 0 0 0 0 0 0 0 0 0 0 0 0 0 0 0 0 0 0 0 0 0 0 0 0 0 0 0 0 0
96 32 0 0 0 32 32 32 0 0 0 0 0 32 32 32 0 -32 -32 0 32 0 -32 0 32 0 0 0 -32 -32 0 32 32 0 0 -32 0 -32 0 0 -32 -32 -32 0 -32 -32 -32 -32 -32 0 -32 0 0 -32 -32 0 32 0 32 32 32 0 0 0 0 32 0 0 0 0 0 0 32 0 0 0 0 0 0 0 0 0 0 0 0 0 0 0 32 0 0 0 0 0 0 0 0 0 0 0 0 0 0 0 0 0 0 0 0 0 0 0 0 0 0 0 0 0 0 0 0 0 0 0 0 0 0 0
-32 32 0 0 0 0 0 0 0 0 32 32 0 0 32 0 0 0 0 0 32 0 -32 0 32 0 0 0 0 0 0 0 32 0 0 0 0 0 0 32 0 0 -32 0 0 0 -32 -32 -32 -32 -32 -32 0 -32 -32 -32 0 0 0 0 32 0 -32 0 -32 0 0 0 32 0 0 0 0 0 0 0 0 0 0 0 0 0 0 0 0 0 0 0 32 0 0 0 0 0 0 0 0 0 0 0 0 0 0 0 0 0 0 0 0 0 0 0 0 0 0 0 0 0 0 0 0 0 0 0 0 0 0 0
64 0 0 0 0 -32 -32 -32 0 -32 0 0 0 0 32 32 32 0 -32 0 32 32 0 0 32 0 0 32 0 0 0 0 0 0 0 0 0 0 0 0 0 0 0 0 0 0 0 -32 -32 -32 0 -32 0 -32 -32 -32 -32 0 0 0 0 0 0 -32 -32 -32 -32 0 0 0 0 0 0 0 0 0 0 0 0 0 0 0 0 0 0 0 0 0 0 0 0 0 0 0 0 0 0 0 0 0 0 0 0 0 0 0 0 0 0 0 0 0 0 0 0 0 0 0 0 0 0 0 0 0 0 0 0 0
-64 0 0 0 0 0 0 32 0 0 0 0 0 32 32 0 0 0 0 0 32 32 0 32 32 0 0 0 0 0 0 0 0 0 0 0 0 0 0 0 0 0 0 0 0 0 0 0 -32 0 0 -32 0 0 0 -32 -32 0 0 0 0 0 0 0 0 0 -32 0 0 0 0 0 0 0 -32 0 0 0 0 0 0 0 0 0 0 0 0 0 0 0 0 0 0 0 0 0 0 0 0 0 0 0 0 0 0 0 0 0 0 0 0 0 0 0 0 0 0 0 0 0 0 0 0 0 0 0 0 0
96 0 0 32 0 0 0 0 32 0 -32 0 0 0 -32 -32 -32 0 0 -32 -32 0 0 0 64 64 0 32 0 0 0 0 0 32 32 0 0 0 0 0 0 0 0 0 0 0 0 0 0 0 0 0 0 0 0 0 -32 0 0 0 0 0 32 0 0 0 0 -32 0 0 0 0 0 0 0 0 -32 0 0 0 0 0 0 0 0 0 0 0 0 0 0 0 0 0 0 0 0 0 0 0 0 0 0 0 0 0 0 0 0 0 0 0 0 0 0 0 0 0 0 0 0 0 0 0 0 0 0 0
-64 0 32 0 0 -32 0 0 0 0 0 0 -32 -32 0 0 -32 0 0 -32 -32 -32 -32 0 32 0 0 32 32 0 0 0 0 32 32 32 32 32 0 0 0 0 0 32 32 0 0 0 0 0 0 0 0 0 0 0 -32 0 0 0 0 0 32 0 0 0 0 -32 -32 0 0 0 -32 0 0 0 0 0 0 0 0 0 0 0 0 0 0 0 0 0 0 0 0 0 0 0 0 0 0 0 0 0 0 0 0 0 0 0 0 0 0 0 0 0 0 0 0 0 0 0 0 0 0 0 0 0 0 0
32 0 0 0 -32 -32 32 0 0 0 32 0 0 0 32 32 0 0 0 0 0 0 0 0 64 32 -32 0 32 0 0 32 0 0 0 0 0 0 32 0 32 0 0 0 0 0 0 0 32 0 0 -32 0 0 0 0 0 0 0 0 0 0 0 0 0 0 0 0 0 0 0 0 -32 0 0 0 0 -32 0 0 0 0 0 0 0 0 0 0 0 0 0 0 0 0 0 0 0 0 0 0 0 0 0 0 0 0 0 0 0 0 0 0 0 0 0 0 0 0 0 0 0 0 0 0 0 0 0 0
-96 -32 0 0 0 0 0 0 0 -32 0 32 32 32 32 0 0 0 0 0 -32 -32 -32 0 32 32 -32 0 0 -32 0 32 32 32 0 0 0 0 0 0 0 0 0 32 32 0 0 0 0 0 0 -32 -32 0 0 0 0 0 0 0 32 0 32 0 0 0 0 0 0 0 0 32 0 0 0 0 0 0 0 0 0 0 0 0 0 0 0 0 0 0 0 0 0 0 0 0 0 0 0 0 0 0 0 0 0 0 0 0 0 0 0 0 0 0 0 0 0 0 0 0 0 0 0 0 0 0 0 0
64 0 0 0 -32 32 32 0 0 0 0 0 32 0 0 0 0 32 0 0 0 0 -32 -32 0 32 0 0 32 0 0 0 0 0 0 -32 0 0 0 0 0 0 0 32 32 32 32 32 32 0 0 0 0 0 0 0 0 0 0 -32 0 0 0 0 0 32 32 32 32 0 0 0 0 0 0 0 0 0 0 0 0 0 0 0 0 0 0 0 0 0 0 0 0 0 0 0 0 0 0 0 0 0 0 0 0 0 0 0 0 0 0 0 0 0 0 0 0 0 0 0 0 0 0 0 0 0 0 0
-64 0 0 -32 -32 -32 0 0 0 0 0 -32 0 -32 0 0 0 0 0 0 0 0 0 0 32 0 -32 -32 32 0 0 0 0 32 0 0 0 0 32 0 -32 0 0 0 0 0 0 0 32 32 0 0 0 0 0 0 0 0 0 0 0 0 0 0 0 0 0 0 32 32 0 0 0 0 0 0 0 0 -32 0 0 0 0 0 0 0 0 0 0 0 0 0 0 0 0 0 0 0 0 0 0 0 0 0 0 0 0 0 0 0 0 0 0 0 0 0 0 0 0 0 0 0 0 0 0 0 0 0
64 32 32 32 0 0 0 -32 -32 0 -32 -32 0 0 0 0 0 0 0 0 0 0 0 0 32 32 0 0 32 0 0 0 0 0 32 32 32 0 0 32 0 0 0 0 0 0 0 0 0 0 0 0 0 0 0 0 32 0 0 0 0 0 0 0 0 0 0 0 0 0 0 0 0 0 0 0 0 0 -32 0 0 0 0 0 0 0 0 0 0 0 0 0 0 32 0 0 0 0 0 0 0 0 0 0 0 0 0 0 0 0 0 0 0 0 0 0 0 0 0 0 0 0 0 0 0 0 0 0
-64 0 32 0 0 0 32 0 -32 -32 0 0 0 0 0 0 0 0 0 32 0 0 0 -32 -32 0 0 0 32 0 -32 0 0 0 0 0 32 0 0 0 0 0 -32 -32 0 -32 0 0 0 0 0 0 0 0 0 0 0 0 32 0 0 0 0 0 0 0 0 0 0 0 32 0 0 -32 0 0 0 0 0 0 0 0 0 0 0 0 -32 0 0 0 0 0 0 0 0 0 0 0 0 0 0 0 0 0 0 0 0 0 0 0 0 0 0 0 0 0 0 0 0 0 0 0 0 0 0 0 0 0
32 0 0 0 0 32 32 0 -32 0 0 0 0 -32 -32 0 0 0 0 0 0 0 0 0 0 32 0 -32 0 0 0 0 0 32 0 -32 0 0 0 0 0 0 0 -32 0 -32 -32 0 -32 0 0 0 0 0 0 0 0 0 0 32 32 0 0 0 0 0 0 0 0 0 0 32 0 0 0 0 -32 0 0 0 0 0 0 0 0 0 0 0 0 0 0 0 0 0 0 0 0 0 0 0 0 0 0 0 0 0 0 0 0 0 0 0 0 0 0 0 0 0 0 0 0 0 0 0 0 0 0 0
-64 -32 0 0 0 0 0 0 -32 -32 -32 -32 0 0 0 0 0 0 0 0 0 0 0 0 0 32 0 -32 0 0 -32 0 0 0 0 0 32 32 32 32 32 32 32 0 0 0 -32 0 0 0 0 -32 0 0 0 0 0 0 0 0 0 0 0 0 0 0 0 0 0 0 0 0 0 0 32 0 0 0 0 0 0 -32 0 0 0 0 -32 32 32 0 0 0 0 0 0 0 0 0 0 0 0 0 0 0 0 0 0 0 0 0 0 0 0 0 0 0 0 0 0 0 0 0 0 0 0 0 0 0
64 0 0 0 0 32 32 0 0 0 0 0 0 0 -32 -32 0 -32 0 0 0 0 0 0 0 32 0 -32 0 0 0 0 0 0 0 0 0 32 0 32 32 32 32 0 0 0 0 0 0 0 0 0 0 0 0 0 0 0 0 32 0 0 0 0 0 0 0 0 0 0 0 0 0 0 0 32 0 0 0 0 0 0 0 0 0 32 0 -32 0 0 0 0 0 0 0 0 0 0 0 0 0 0 0 0 0 0 0 0 0 0 0 0 0 0 0 0 0 0 0 0 0 0 0 0 0 0 0 0
-64 32 32 32 0 0 0 0 0 32 32 0 32 32 0 -32 0 -32 0 0 0 0 0 0 0 0 0 -32 0 32 0 0 0 0 0 0 -32 0 0 0 0 0 0 -32 -32 0 0 0 0 0 0 0 0 0 0 0 0 0 0 32 0 0 0 0 0 0 0 0 0 0 0 0 0 0 0 32 32 0 0 0 0 0 0 0 0 0 0 32 0 -32 0 0 0 0 0 0 0 0 0 0 0 0 0 0 0 0 0 0 0 0 0 0 0 0 0 0 0 0 0 0 0 0 0 0 0 0 0 0
64 0 0 0 0 0 0 0 -32 -32 -32 -32 0 0 0 0 32 0 0 -32 -32 0 0 0 0 32 0 0 0 32 0 0 0 0 0 0 0 32 0 32 0 0 0 0 -32 -32 -32 0 0 0 0 0 0 0 0 0 0 0 0 0 0 0 0 0 0 0 0 0 0 0 0 0 0 0 0 0 32 0 0 0 0 0 0 0 0 0 0 32 -64 0 32 0 0 0 0 0 0 0 0 0 0 0 0 0 0 0 0 0 0 0 0 0 0 0 0 0 0 0 0 0 0 0 0 0 0 0 0 0
-64 -32 -32 -32 0 -32 0 0 -32 -32 0 0 -32 -32 0 0 0 0 0 0 -32 0 0 0 -32 0 32 0 0 32 32 0 0 0 0 0 0 0 0 32 32 32 32 0 0 0 0 0 -32 -32 0 0 0 0 0 0 -32 0 0 0 0 0 32 32 0 0 0 0 0 0 0 0 0 0 0 0 0 0 0 0 0 0 0 0 0 0 32 -32 0 32 0 0 0 0 0 0 0 0 0 0 0 0 0 0 0 0 0 0 0 0 0 0 0 0 0 0 0 0 0 0 0 0 0 0 0 0 0 0
64 0 -32 0 0 0 -32 0 0 0 0 0 0 0 0 0 0 0 0 0 0 0 0 0 -32 0 0 -32 -32 32 32 0 0 0 0 0 0 0 0 32 32 0 32 0 0 0 0 0 0 -32 0 0 0 0 0 0 0 0 0 0 0 32 32 32 0 0 0 0 32 0 -32 0 0 0 0 0 0 0 0 0 -32 0 -32 0 0 0 0 0 0 -32 0 0 0 0 0 0 0 0 0 0 0 0 0 0 0 0 0 0 0 0 0 0 0 0 0 0 0 0 0 0 0 0 0 0 0 0 0 0
-64 0 0 0 32 0 0 0 0 0 0 32 0 32 32 32 0 0 0 0 0 0 0 0 0 -32 -32 -32 -32 0 0 0 0 0 0 0 0 32 32 0 0 32 0 0 0 0 -32 0 -32 -32 0 0 0 0 0 0 0 -32 0 0 0 0 0 32 0 0 0 0 0 0 0 0 0 0 0 0 0 0 0 0 0 0 0 0 0 0 0 0 0 0 0 0 0 0 0 0 0 0 0 0 0 0 0 0 0 0 0 0 0 0 0 0 0 0 0 0 0 0 0 0 0 0 0 0 0 0 0 0
32 0 0 0 0 0 32 0 0 -32 0 0 0 0 0 0 0 0 0 0 0 0 0 0 0 0 0 0 0 32 0 0 0 0 0 0 0 0 32 0 0 0 0 32 32 0 0 0 0 -32 0 0 0 0 0 0 0 0 0 0 0 0 0 32 0 0 0 0 0 0 -32 -32 0 0 0 0 0 0 0 0 0 0 0 0 0 0 0 0 0 0 0 0 0 0 0 0 0 0 0 0 0 0 0 0 0 0 0 32 0 0 0 0 0 0 0 0 0 0 0 0 0 0 0 0 0 0 0 0
-64 0 0 -32 -32 -32 0 0 0 0 0 0 -32 -32 0 0 0 0 0 0 0 0 0 0 0 32 32 0 0 0 0 -32 -32 0 0 0 0 0 0 0 0 0 0 0 0 0 0 32 0 0 0 0 0 0 0 0 0 0 0 0 0 0 0 0 0 32 0 0 0 32 0 -32 0 -32 0 0 0 0 32 32 0 0 0 0 0 0 0 0 0 0 0 0 0 0 0 0 0 0 0 0 0 0 0 0 0 0 0 -32 0 0 0 0 0 0 0 0 0 0 0 0 0 0 0 0 0 0 0 0
64 32 0 0 0 0 0 0 0 0 -32 -32 -32 -32 0 0 0 0 0 0 0 0 0 0 0 0 32 0 0 0 32 0 -32 0 0 0 0 0 0 0 0 32 0 0 0 0 0 0 0 0 0 0 0 0 0 0 0 0 0 0 0 0 0 0 0 32 32 0 0 0 32 0 0 0 0 0 0 0 0 0 0 0 0 0 0 0 0 0 0 0 0 0 0 0 0 0 0 0 0 0 0 0 0 -32 0 32 0 32 0 0 0 0 0 0 0 0 0 0 0 0 0 0 0 0 0 0 0 0
-32 0 0 0 32 0 32 32 32 -32 -32 32 0 0 0 -32 0 0 0 0 0 32 0 0 0 0 0 0 -32 0 32 0 0 0 32 0 32 0 0 0 -32 0 0 0 32 0 0 0 0 0 0 0 0 0 0 0 0 0 0 0 0 0 0 0 0 0 32 0 0 0 0 0 0 0 0 0 0 0 0 0 0 0 0 0 0 0 0 0 0 0 0 0 0 0 0 0 0 0 0 0 0 0 0 0 32 0 -32 -32 0 0 0 0 0 0 0 0 0 0 0 0 0 0 0 0 0 0 0 0
32 0 -32 0 0 0 0 0 0 0 32 -32 -32 0 -32 0 0 32 0 0 0 32 0 0 0 0 32 0 0 -32 0 0 0 32 32 32 32 0 32 0 0 0 0 32 0 0 32 0 0 0 0 0 0 0 0 0 0 0 0 0 0 0 0 0 0 0 0 0 0 0 0 0 0 0 0 0 0 0 0 0 0 0 0 0 0 0 0 0 0 0 0 0 0 0 0 0 0 0 0 0 0 0 0 0 0 -64 32 64 0 0 0 0 0 0 0 0 0 0 0 0 0 0 0 0 0 0 0 0
-32 0 0 0 -32 0 -32 -32 0 0 -32 -32 -32 0 0 0 0 0 0 -32 0 0 0 0 0 0 0 0 0 0 0 0 0 0 0 0 0 0 0 0 0 32 32 32 32 32 32 32 0 0 0 0 0 0 0 -32 -32 0 0 0 0 0 0 0 0 0 0 0 0 0 0 32 0 0 0 0 0 0 -32 0 0 0 0 0 0 0 0 0 -32 0 0 0 0 0 0 0 0 0 0 0 0 0 -32 0 0 64 -96 32 32 0 0 0 0 0 0 0 0 0 0 0 0 0 0 0 0 0 0 0
0 -32 -32 0 0 0 0 0 0 32 0 0 0 0 -32 -32 -32 0 -32 -32 0 32 32 0 -32 0 0 0 0 0 0 0 -32 0 0 0 0 0 0 0 0 32 32 32 0 0 32 0 0 0 0 0 0 -32 0 0 0 0 0 0 0 0 0 0 0 0 0 32 32 0 0 0 0 0 0 0 0 0 0 0 0 0 0 0 0 0 0 0 0 0 0 0 0 0 0 0 0 0 0 0 0 0 0 0 0 32 32 -64 0 0 0 0 0 0 0 0 0 0 0 0 0 0 0 0 0 0 0 0
-32 0 -32 -32 0 0 0 0 0 0 0 0 32 0 0 0 0 0 0 0 0 0 0 0 0 0 32 0 0 0 0 0 -32 0 0 0 0 0 0 32 0 0 32 0 32 0 0 0 0 0 32 0 32 0 -32 0 0 0 0 0 0 0 0 0 0 -32 0 0 -32 0 0 0 0 0 0 0 0 0 0 0 0 0 0 0 0 0 0 0 0 0 0 0 0 0 0 0 0 0 0 0 0 0 0 0 0 0 0 0 0 0 0 0 0 0 0 0 0 0 0 0 0 0 0 0 0 0 0 0
32 0 0 0 0 0 0 0 0 0 0 0 0 0 0 0 0 32 0 0 0 0 0 32 0 0 0 32 0 0 0 0 -32 -32 0 0 0 0 0 0 0 0 0 0 0 0 0 0 0 0 32 0 0 0 0 0 0 0 0 0 0 0 0 0 -32 -32 0 -32 0 0 0 0 0 0 0 0 0 0 0 0 -32 0 0 0 0 0 0 0 0 0 0 0 0 0 0 0 0 0 0 0 0 0 0 0 0 0 0 -32 0 0 0 0 0 0 0 0 0 0 0 0 0 0 0 0 0 0 0 0
-32 0 0 0 0 0 0 0 0 0 0 0 0 0 0 0 0 -32 0 0 0 0 0 0 0 0 0 0 0 0 32 32 -32 0 0 0 0 0 0 0 0 0 0 0 0 0 0 32 0 0 0 0 0 0 0 0 0 0 0 0 0 0 0 0 0 0 0 0 0 0 0 0 0 0 0 0 0 0 0 0 0 0 -32 0 0 0 0 0 0 0 0 0 0 0 0 0 0 0 0 0 0 0 0 0 0 0 0 0 0 0 0 0 0 0 0 0 0 0 0 0 0 0 0 0 0 0 0 0
32 0 0 0 0 0 0 -32 0 0 0 0 32 0 0 32 0 0 0 0 32 32 0 0 0 0 0 0 0 0 0 0 -32 -32 0 32 32 0 0 0 32 0 0 0 0 0 0 0 0 0 32 0 0 0 0 32 0 32 32 0 0 0 0 0 0 0 0 0 0 0 0 0 0 0 0 0 0 0 0 0 0 0 0 0 0 0 0 0 0 0 0 0 0 0 0 0 0 0 0 0 0 0 0 0 0 0 0 0 0 0 0 0 0 0 0 0 0 0 0 0 0 0 0 0 0 0 0 0
-32 0 0 0 0 -32 -32 0 0 0 0 0 0 0 0 0 0 0 0 0 0 0 0 0 0 0 0 0 0 0 0 0 0 -32 0 0 0 0 0 0 0 0 0 32 32 32 32 0 0 0 32 0 0 0 0 32 0 0 0 0 0 0 0 0 0 0 0 0 0 0 0 0 0 0 0 0 0 0 0 0 0 0 0 0 0 0 0 0 0 -32 0 32 0 0 0 0 0 0 0 0 0 0 0 0 0 0 0 0 0 0 0 0 0 0 0 0 0 0 0 0 0 0 0 0 0 0 0 0
32 0 32 0 0 -32 0 0 0 0 0 0 0 -32 -32 0 0 0 0 0 0 0 0 0 0 0 0 0 0 0 0 32 0 0 32 0 -32 0 0 0 0 0 0 0 0 0 0 0 0 0 32 0 0 0 0 0 0 0 0 0 0 0 0 0 0 0 0 0 0 0 0 0 0 0 0 0 0 0 0 0 0 0 0 0 0 0 0 0 32 32 -64 0 0 0 0 0 0 0 0 0 0 0 0 0 0 0 0 -32 0 0 0 0 0 0 0 0 0 0 0 0 0 0 0 0 0 0 0 0
0 32 0 0 0 0 0 32 0 0 0 0 0 0 0 0 0 0 0 0 0 0 0 0 32 0 0 0 0 0 0 32 0 -32 0 0 -32 -32 0 0 0 0 0 0 0 0 0 0 0 0 0 0 0 0 0 0 0 0 0 0 0 0 0 0 0 0 0 0 0 0 0 0 0 0 0 0 0 0 0 0 0 32 0 32 32 0 0 0 -32 0 32 0 32 0 0 0 0 0 0 0 0 0 0 0 0 0 0 0 0 0 0 0 0 0 0 0 0 0 0 0 0 0 0 0 0 0 0 0
32 32 0 0 0 0 0 0 0 0 0 0 0 0 -32 0 0 0 0 0 0 0 0 0 0 0 0 0 0 0 0 0 0 0 0 0 -32 -32 0 0 0 0 0 0 0 0 0 0 0 0 0 0 0 0 0 0 0 0 0 0 0 0 0 0 0 0 0 0 0 0 0 0 0 0 0 0 0 0 0 0 0 0 32 32 -32 -32 0 0 0 0 0 0 0 0 0 0 0 0 0 0 0 0 0 0 0 0 0 0 0 0 0 0 0 0 0 0 0 0 0 0 0 0 0 0 0 0 0 0
-32 0 0 0 0 0 0 0 0 0 0 0 0 0 0 0 -32 0 0 0 0 0 0 0 0 0 0 -32 -32 0 0 0 0 -32 -32 0 0 0 0 0 0 0 0 0 -32 0 0 -32 -32 0 0 0 0 0 0 0 0 0 0 0 0 0 0 0 0 0 0 0 0 0 0 0 0 0 0 0 0 0 0 0 0 0 0 -32 -32 0 0 0 -32 0 0 0 0 0 0 0 0 0 0 0 0 0 0 0 0 0 0 0 0 0 0 0 0 0 0 0 0 0 0 0 0 0 0 0 0 0 0 0
32 32 0 0 0 0 0 0 0 0 0 0 0 0 -32 -32 0 0 0 0 0 -32 0 0 0 32 0 -32 -32 0 0 32 0 -32 -32 0 0 0 0 0 32 0 0 0 0 0 0 0 0 0 0 0 0 0 0 0 0 0 0 0 0 0 0 0 0 32 0 0 0 0 0 0 0 32 0 0 0 0 0 0 0 0 0 0 0 0 0 0 -32 -32 0 0 0 0 0 0 0 0 0 0 0 0 0 0 0 0 0 0 0 0 0 0 0 0 0 0 0 0 0 0 0 0 0 0 0 0 0 0
0 0 0 0 0 0 0 0 0 0 0 0 -32 0 0 0 0 0 0 0 0 0 -32 -32 0 32 0 0 -32 0 0 0 0 0 0 32 0 0 0 0 0 0 0 0 0 0 0 0 0 0 0 0 0 0 0 0 0 0 0 0 0 0 0 0 0 0 0 0 0 0 0 0 0 0 0 0 0 0 0 0 0 0 0 0 0 0 0 0 0 0 0 0 0 0 0 0 0 0 32 0 0 0 0 0 0 0 0 0 0 0 0 0 0 0 0 0 0 0 0 0 0 0 0 0 0 0 0 0
32 0 0 0 0 0 0 0 0 0 0 0 0 0 0 0 0 0 -32 0 0 0 0 0 0 32 0 0 0 0 0 0 32 0 -32 0 0 0 0 0 0 0 0 0 0 0 0 0 0 0 0 0 0 0 0 -32 0 0 0 0 -32 0 0 0 32 0 0 0 0 0 0 0 0 0 0 0 0 0 0 0 0 0 0 0 0 0 0 0 0 0 0 0 0 0 0 0 0 32 -32 0 0 0 0 0 0 0 0 0 0 0 0 0 0 0 0 0 0 0 0 0 0 0 0 0 0 0 0 0
-32 -32 0 0 0 0 0 0 0 0 0 0 0 0 32 0 0 0 0 0 0 0 0 0 -32 0 0 0 0 0 -32 0 0 0 -32 0 0 0 0 0 0 0 0 0 0 0 0 -32 0 0 0 0 0 0 0 -32 -32 0 0 0 0 0 0 0 0 0 0 0 0 0 0 0 0 0 0 0 0 0 0 0 0 0 0 0 0 0 0 0 0 0 0 0 0 0 0 0 0 0 0 0 0 0 0 0 0 0 0 0 0 0 0 0 0 0 0 0 0 0 0 0 0 0 0 0 0 0 0 0
32 0 0 0 0 0 0 0 0 0 0 0 0 0 0 0 0 0 0 0 0 0 0 0 0 0 0 0 0 0 0 0 0 0 0 0 0 -32 -32 0 0 0 0 -32 0 0 0 0 0 0 0 0 0 0 0 0 0 0 0 0 0 -32 0 0 0 0 0 0 0 0 0 0 0 0 0 0 0 0 0 0 0 0 0 0 0 0 0 0 0 0 0 0 0 0 -32 -32 0 0 0 0 0 0 0 0 0 0 0 0 0 0 0 0 0 0 0 0 0 0 0 0 0 0 0 0 0 0 0 0
0 0 0 0 0 0 0 0 0 -32 0 0 0 0 0 0 0 0 0 0 0 0 0 0 0 0 32 0 0 0 0 0 0 0 0 32 0 0 0 0 0 0 0 0 0 0 0 0 0 0 0 0 0 0 0 0 0 0 0 0 0 0 0 0 0 0 0 0 0 0 0 0 0 0 0 0 0 0 0 0 0 0 0 0 0 0 0 0 0 0 0 0 0 0 0 0 0 0 0 0 0 0 0 0 0 0 0 0 0 0 0 0 0 0 0 0 0 0 0 0 0 0 0 0 0 0 0 0
0 0 0 0 0 32 0 0 0 -32 0 0 0 0 0 0 0 0 0 0 32 0 0 0 0 0 0 0 0 0 0 0 0 0 0 0 32 0 0 0 0 0 0 0 0 0 0 0 0 0 0 0 32 0 0 0 0 0 0 0 0 0 0 0 -32 0 0 0 0 0 0 0 0 0 0 0 0 0 0 0 0 0 0 0 0 0 0 0 0 0 0 0 0 0 0 0 0 0 0 0 0 0 0 0 0 0 0 0 0 0 0 0 0 0 0 0 0 0 0 0 0 0 0 0 0 0 0 0
0 0 0 0 0 0 0 0 0 0 -32 -32 0 0 0 0 0 0 0 0 0 0 0 0 0 0 0 0 0 0 0 0 0 0 0 0 32 0 -32 0 0 0 0 0 0 0 0 32 0 0 0 0 0 0 0 0 0 0 0 0 0 0 0 0 -32 -32 0 0 0 0 0 0 0 0 0 0 0 0 0 0 0 0 0 0 0 0 0 0 0 0 0 0 0 0 0 0 0 0 0 0 0 0 0 0 0 0 0 0 0 0 0 0 0 0 0 0 0 0 0 0 0 0 0 0 0 0 0 0
0 0 0 0 0 0 0 0 0 0 0 0 0 0 0 0 0 32 0 0 0 -32 -32 0 0 0 0 0 0 0 0 0 0 0 0 0 32 0 -32 0 0 0 0 0 0 0 0 0 0 0 32 0 32 32 0 0 0 0 32 0 32 0 0 0 0 0 0 0 0 0 0 0 0 0 0 0 0 0 0 0 0 0 0 0 0 0 0 0 0 0 0 0 0 0 0 0 0 0 0 0 0 0 0 0 0 0 0 0 0 0 0 0 0 0 0 0 0 0 0 0 0 0 0 0 0 0 0 0
-32 0 -32 0 0 0 0 -32 -32 0 0 0 0 0 0 0 0 0 0 0 0 0 0 0 0 0 0 0 0 32 32 0 0 0 0 0 0 0 -32 0 0 0 0 0 0 0 0 0 0 0 0 0 0 0 0 0 0 0 0 0 0 0 0 0 0 0 0 0 0 0 0 0 0 0 0 0 0 0 0 0 0 0 0 0 0 0 0 0 0 0 0 0 0 0 0 0 0 0 0 0 0 0 0 0 0 0 0 0 0 0 0 0 0 0 0 0 0 0 0 0 0 0 0 0 0 0 0 0
0 0 0 0 0 32 0 0 0 0 0 0 0 0 0 0 0 0 0 0 0 0 0 0 0 0 0 0 0 32 0 0 0 0 0 0 0 0 0 0 0 0 0 0 0 0 0 0 0 0 0 0 0 0 0 0 0 0 0 0 0 0 0 0 0 0 0 0 0 0 0 0 0 0 0 0 0 0 0 0 0 0 0 0 0 0 0 0 0 0 0 0 0 0 0 0 0 0 0 0 0 0 0 0 0 0 0 0 0 0 0 0 0 0 0 0 0 0 0 0 0 0 0 0 0 0 0 0
0 0 32 0 0 0 0 0 0 0 0 0 0 0 0 0 32 0 0 0 0 0 0 0 0 0 0 0 0 0 0 0 0 0 0 -32 0 0 0 0 0 0 0 0 0 0 -32 -32 0 0 0 0 0 0 0 0 0 0 0 0 0 0 0 0 0 0 0 0 0 0 0 0 0 0 0 0 0 0 0 0 0 0 0 0 0 0 0 0 0 0 0 0 0 0 0 0 0 0 0 32 0 0 0 0 0 0 0 0 0 0 0 0 0 0 0 0 0 0 0 0 0 0 0 0 0 0 0 0
0 0 0 0 0 32 32 32 0 0 0 0 0 0 0 0 0 0 0 0 0 0 0 0 0 0 0 0 0 0 0 0 0 0 0 0 0 32 0 0 0 0 0 0 0 0 0 0 0 0 0 0 0 0 0 0 0 0 0 0 0 0 0 0 0 0 0 0 0 0 0 0 0 0 0 -32 -32 0 0 0 0 0 0 0 0 0 0 0 0 0 0 0 0 0 0 0 0 0 0 0 0 0 0 0 0 0 0 0 0 0 0 0 0 0 0 0 0 0 0 0 0 0 0 0 0 0 0 0
0 0 0 -32 0 0 0 0 -32 0 0 0 0 0 0 0 0 0 0 0 0 0 0 0 0 0 0 0 0 0 0 0 0 0 0 0 0 32 0 0 32 0 0 0 0 0 0 0 0 0 0 0 -32 0 0 0 32 0 0 0 0 0 0 0 0 0 0 0 0 0 0 0 0 0 0 -32 -32 0 0 0 0 0 0 0 0 0 0 0 0 0 0 0 0 0 0 0 0 0 0 0 0 0 0 0 0 0 0 0 0 0 0 0 0 0 0 0 0 0 0 0 0 0 0 0 0 0 0 0
0 0 0 0 0 0 0 -32 -32 0 0 -32 -32 0 0 0 0 0 0 0 0 0 0 0 0 0 0 0 0 0 32 0 0 0 0 0 0 0 0 -32 0 0 0 0 0 0 0 0 0 0 0 0 0 0 0 0 0 0 0 0 0 0 0 -32 0 0 0 0 0 0 0 0 0 0 0 0 -32 0 -32 0 0 0 0 0 0 0 0 0 0 0 0 0 0 0 0 0 0 0 0 0 0 0 0 0 0 0 0 0 0 0 0 0 0 0 0 0 0 0 0 0 0 0 0 0 0 0 0 0
0 0 0 0 0 0 0 0 0 0 0 0 0 0 0 0 0 0 32 0 0 0 0 0 0 0 0 0 0 0 0 0 0 0 0 0 0 0 0 0 0 0 -32 0 0 0 0 0 0 0 0 0 0 0 0 0 0 0 0 0 0 0 0 0 0 0 0 0 0 0 0 0 0 0 0 0 0 0 0 0 0 0 0 0 0 0 0 0 0 0 0 0 0 0 0 0 0 0 0 0 0 0 0 0 0 0 0 0 0 0 0 0 0 0 0 0 0 0 0 0 0 0 0 0 0 0 0 0
0 0 0 0 0 32 32 0 0 0 0 32 0 0 0 0 32 0 0 0 0 0 0 0 0 0 0 0 0 0 0 0 0 0 0 0 0 0 0 -32 0 0 -32 0 0 0 0 0 0 0 0 0 0 0 0 0 0 0 0 0 0 0 0 0 0 0 0 0 0 0 -32 0 0 0 0 0 0 0 0 0 0 0 0 0 0 0 0 0 0 0 0 0 0 32 0 0 0 0 0 0 0 0 0 0 0 0 0 0 0 0 0 0 0 0 0 0 0 0 0 0 0 0 0 0 0 0 0 0
0 0 0 0 0 0 0 0 0 0 0 0 0 0 0 0 0 0 0 0 0 0 0 0 0 0 0 0 0 0 0 32 0 0 0 0 0 0 0 0 0 0 0 0 0 0 0 0 0 0 0 0 0 0 0 0 0 0 0 0 0 0 0 0 0 0 0 0 0 0 0 0 0 0 0 0 0 0 0 0 0 0 0 0 0 0 0 0 0 0 0 0 0 0 0 0 0 0 0 0 0 0 0 0 0 0 0 0 0 0 0 0 0 0 0 0 0 0 0 0 0 0 0 0 0 0 0 0
0 0 0 0 0 0 0 0 0 -32 -32 0 0 0 0 0 0 0 0 0 0 0 0 0 0 0 0 0 0 0 0 0 0 0 0 0 0 0 0 0 0 0 0 0 0 0 0 0 0 0 0 0 0 0 0 0 0 0 32 0 0 0 0 0 0 0 0 0 0 0 0 0 0 0 0 0 0 0 0 0 0 0 0 0 0 0 0 0 0 0 0 0 0 0 0 0 0 0 0 0 0 0 0 0 0 0 0 0 0 0 0 0 0 0 0 0 0 0 0 0 0 0 0 0 0 0 0 0
