1307 23 -9 49 -10 -13 3 -3 -5 8 -11 -9 2 -9 6 -1
123 48 -10 -19 16 -10 -5 -1 -1 -4 -14 -19 10 3 1 -8
-181 -3 32 -31 -13 -7 -1 1 -8 -7 -4 11 11 9 -3 1
106 -8 25 10 -12 3 2 -3 12 7 0 12 -1 3 5 2
-87 25 -26 -10 5 2 -7 6 7 5 1 -3 0 6 2 -3
103 -1 -8 -7 -3 -7 -3 2 -12 -6 0 2 6 5 3 3
-84 6 2 -2 9 7 -5 -15 -3 -5 -4 -3 2 1 -2 0
93 8 -8 -2 -3 6 -4 2 1 3 6 8 -5 3 -1 -2
-75 -3 4 -5 -1 7 -4 6 4 2 -5 6 2 0 2 -2
56 7 9 -2 -10 -5 -4 0 5 6 -4 1 -3 13 -2 -5
-54 3 6 -5 -5 -4 -2 5 -1 0 -10 0 2 7 9 -4
44 8 5 4 -5 6 1 5 -7 10 -15 6 7 18 0 -1
-35 10 4 -9 3 -1 -4 4 -1 20 12 -2 -24 23 8 -5
37 -5 13 -6 -1 2 -1 -1 -6 -7 -2 9 -10 -8 4 1
-13 -7 0 3 -8 0 0 6 0 -3 -6 9 10 -1 -8 -1
7 13 2 10 -2 1 -1 7 -6 -3 -4 3 0 -12 2 3
